0 0.1591796875 0.779296875 0.060546875 0.31640625
0 0.1962890625 0.5390625 0.033203125 0.1796875
0 0.146484375 0.408203125 0.0234375 0.12109375
0 0.53125 0.5546875 0.04296875 0.2109375
0 0.4853515625 0.361328125 0.021484375 0.10546875
0 0.5791015625 0.56640625 0.041015625 0.2109375
0 0.6181640625 0.556640625 0.044921875 0.19140625
0 0.74609375 0.59375 0.0390625 0.2265625
0 0.85546875 0.70703125 0.04296875 0.2734375
0 0.8583984375 0.572265625 0.041015625 0.18359375
0 0.958984375 0.587890625 0.0546875 0.25390625
