1 0.2958984375 0.564453125 0.134765625 0.17578125
0 0.41796875 0.537109375 0.0390625 0.21484375
0 0.4990234375 0.625 0.072265625 0.5078125
0 0.5712890625 0.630859375 0.072265625 0.49609375
0 0.6240234375 0.615234375 0.048828125 0.37890625
0 0.6826171875 0.546875 0.029296875 0.171875
0 0.18359375 0.482421875 0.04296875 0.24609375
0 0.10546875 0.56640625 0.0625 0.3671875
0 0.4541015625 0.48828125 0.025390625 0.140625
0 0.251953125 0.4609375 0.03125 0.1328125
0 0.31640625 0.484375 0.03515625 0.1328125
