0 0.5322265625 0.611328125 0.080078125 0.46484375
0 0.6005859375 0.625 0.080078125 0.453125
0 0.6396484375 0.60546875 0.041015625 0.3359375
0 0.392578125 0.537109375 0.05078125 0.22265625
0 0.3193359375 0.46484375 0.033203125 0.140625
0 0.1884765625 0.486328125 0.037109375 0.23046875
0 0.095703125 0.71484375 0.13671875 0.5546875
0 0.1142578125 0.52734375 0.138671875 0.328125
0 0.4619140625 0.47265625 0.029296875 0.125
0 0.4951171875 0.439453125 0.017578125 0.08984375
1 0.310546875 0.5703125 0.109375 0.140625
