0 0.087890625 0.56640625 0.07421875 0.3671875
0 0.01953125 0.486328125 0.03515625 0.21484375
0 0.1904296875 0.65625 0.126953125 0.5703125
0 0.390625 0.533203125 0.05078125 0.22265625
0 0.5400390625 0.615234375 0.072265625 0.45703125
0 0.6142578125 0.619140625 0.087890625 0.44921875
0 0.6494140625 0.4609375 0.021484375 0.109375
0 0.46484375 0.46875 0.02734375 0.1171875
0 0.494140625 0.501953125 0.0234375 0.14453125
1 0.3115234375 0.578125 0.107421875 0.1484375
0 0.3134765625 0.484375 0.029296875 0.109375
