0 0.1240234375 0.625 0.146484375 0.5703125
0 0.060546875 0.564453125 0.05859375 0.39453125
0 0.1669921875 0.48828125 0.044921875 0.25
0 0.3505859375 0.609375 0.087890625 0.3828125
0 0.4033203125 0.517578125 0.041015625 0.25390625
0 0.572265625 0.599609375 0.0625 0.41796875
0 0.6298828125 0.609375 0.072265625 0.4140625
0 0.666015625 0.48046875 0.0234375 0.125
0 0.50390625 0.498046875 0.02734375 0.14453125
0 0.4755859375 0.47265625 0.029296875 0.1328125
1 0.259765625 0.576171875 0.09375 0.19140625
