0 0.03125 0.578125 0.05859375 0.4140625
0 0.087890625 0.484375 0.04296875 0.2734375
0 0.158203125 0.4921875 0.02734375 0.1875
1 0.306640625 0.578125 0.1171875 0.1640625
0 0.3046875 0.5390625 0.05078125 0.2734375
0 0.2421875 0.453125 0.02734375 0.1015625
0 0.2861328125 0.44140625 0.033203125 0.1171875
0 0.3759765625 0.51953125 0.044921875 0.265625
0 0.5048828125 0.64453125 0.076171875 0.4921875
0 0.6298828125 0.591796875 0.064453125 0.35546875
0 0.6923828125 0.560546875 0.064453125 0.35546875
0 0.53515625 0.478515625 0.01953125 0.11328125
0 0.548828125 0.484375 0.015625 0.109375
0 0.5634765625 0.482421875 0.017578125 0.10546875
0 0.5859375 0.4765625 0.01953125 0.1171875
