0 0.58203125 0.623046875 0.0703125 0.42578125
0 0.6689453125 0.5703125 0.048828125 0.2421875
0 0.7158203125 0.54296875 0.048828125 0.3125
0 0.6298828125 0.486328125 0.021484375 0.10546875
0 0.5009765625 0.509765625 0.033203125 0.15234375
0 0.4697265625 0.486328125 0.025390625 0.15234375
0 0.4248046875 0.521484375 0.037109375 0.23046875
0 0.3330078125 0.521484375 0.048828125 0.28515625
0 0.2900390625 0.45703125 0.033203125 0.109375
1 0.302734375 0.578125 0.12109375 0.171875
0 0.076171875 0.505859375 0.0703125 0.30859375
0 0.0390625 0.501953125 0.046875 0.27734375
