0 0.0400390625 0.6171875 0.076171875 0.6953125
0 0.4013671875 0.513671875 0.044921875 0.21484375
0 0.2568359375 0.546875 0.044921875 0.3046875
0 0.287109375 0.51953125 0.04296875 0.2890625
1 0.2978515625 0.60546875 0.138671875 0.140625
0 0.3408203125 0.435546875 0.048828125 0.09765625
0 0.48046875 0.5234375 0.0390625 0.2109375
0 0.5087890625 0.505859375 0.025390625 0.13671875
0 0.5478515625 0.525390625 0.041015625 0.22265625
0 0.6044921875 0.61328125 0.060546875 0.3828125
0 0.6669921875 0.560546875 0.044921875 0.22265625
