0 0.1806640625 0.6171875 0.134765625 0.6953125
0 0.0361328125 0.50390625 0.025390625 0.1796875
0 0.2548828125 0.521484375 0.044921875 0.30859375
0 0.3447265625 0.5546875 0.080078125 0.296875
0 0.3125 0.486328125 0.03125 0.12109375
0 0.517578125 0.52734375 0.046875 0.203125
0 0.4384765625 0.513671875 0.044921875 0.19921875
0 0.4814453125 0.46484375 0.021484375 0.140625
0 0.6025390625 0.599609375 0.056640625 0.37890625
0 0.6640625 0.552734375 0.05078125 0.23046875
0 0.5703125 0.525390625 0.0390625 0.20703125
