0 0.02734375 0.49609375 0.03515625 0.203125
0 0.146484375 0.490234375 0.0625 0.31640625
0 0.2099609375 0.46875 0.025390625 0.1015625
0 0.41015625 0.623046875 0.11328125 0.61328125
0 0.509765625 0.5703125 0.07421875 0.3046875
0 0.6318359375 0.595703125 0.056640625 0.34765625
0 0.5771484375 0.529296875 0.041015625 0.20703125
0 0.4921875 0.46875 0.0234375 0.09375
1 0.2978515625 0.578125 0.126953125 0.1796875
0 0.6162109375 0.4375 0.021484375 0.0703125
0 0.6650390625 0.552734375 0.029296875 0.20703125
