0 0.4521484375 0.623046875 0.099609375 0.59765625
0 0.5546875 0.580078125 0.0703125 0.29296875
0 0.6318359375 0.6015625 0.068359375 0.3359375
0 0.6611328125 0.55078125 0.029296875 0.2109375
0 0.591796875 0.529296875 0.0390625 0.20703125
0 0.3642578125 0.458984375 0.037109375 0.12890625
0 0.3310546875 0.470703125 0.037109375 0.11328125
1 0.3017578125 0.580078125 0.134765625 0.17578125
0 0.1376953125 0.484375 0.068359375 0.3125
0 0.029296875 0.486328125 0.0390625 0.22265625
0 0.5302734375 0.501953125 0.021484375 0.13671875
0 0.6201171875 0.431640625 0.017578125 0.07421875
