0 0.4716796875 0.625 0.103515625 0.5859375
0 0.5322265625 0.50390625 0.025390625 0.1328125
0 0.58984375 0.578125 0.046875 0.2890625
0 0.6337890625 0.59375 0.052734375 0.3359375
0 0.658203125 0.509765625 0.02734375 0.14453125
0 0.3564453125 0.494140625 0.037109375 0.16796875
0 0.3720703125 0.462890625 0.029296875 0.13671875
0 0.2353515625 0.451171875 0.041015625 0.11328125
0 0.162109375 0.515625 0.03125 0.171875
0 0.1162109375 0.4765625 0.060546875 0.3203125
1 0.3017578125 0.578125 0.130859375 0.171875
