0 0.490234375 0.623046875 0.109375 0.55859375
0 0.6318359375 0.591796875 0.072265625 0.33984375
0 0.6064453125 0.525390625 0.033203125 0.20703125
0 0.67578125 0.505859375 0.0234375 0.13671875
0 0.5791015625 0.46875 0.025390625 0.1171875
0 0.3779296875 0.525390625 0.044921875 0.22265625
0 0.3642578125 0.427734375 0.029296875 0.08203125
0 0.3388671875 0.48046875 0.037109375 0.109375
0 0.25390625 0.443359375 0.0390625 0.09765625
0 0.1083984375 0.48828125 0.064453125 0.328125
0 0.2900390625 0.572265625 0.154296875 0.19140625
