0 0.1552734375 0.638671875 0.158203125 0.72265625
0 0.5185546875 0.609375 0.087890625 0.5078125
0 0.65625 0.533203125 0.0390625 0.22265625
0 0.7041015625 0.556640625 0.052734375 0.30859375
0 0.6083984375 0.44921875 0.021484375 0.109375
0 0.5751953125 0.45703125 0.025390625 0.109375
0 0.455078125 0.537109375 0.0390625 0.23828125
0 0.2841796875 0.462890625 0.041015625 0.09765625
0 0.0615234375 0.484375 0.056640625 0.3515625
1 0.30078125 0.578125 0.12890625 0.15625
0 0.3564453125 0.484375 0.037109375 0.125
0 0.3388671875 0.439453125 0.025390625 0.08203125
