0 0.50390625 0.603515625 0.09765625 0.49609375
0 0.6591796875 0.537109375 0.037109375 0.19921875
0 0.720703125 0.5546875 0.046875 0.3125
0 0.685546875 0.51171875 0.02734375 0.1484375
0 0.5751953125 0.462890625 0.017578125 0.09765625
0 0.5947265625 0.46875 0.025390625 0.125
0 0.359375 0.49609375 0.0390625 0.1484375
0 0.3193359375 0.4765625 0.029296875 0.1015625
1 0.31640625 0.583984375 0.1015625 0.15234375
0 0.2060546875 0.63671875 0.130859375 0.7265625
0 0.0546875 0.4921875 0.05859375 0.3515625
0 0.2880859375 0.462890625 0.037109375 0.09765625
