0 0.2548828125 0.6484375 0.134765625 0.703125
0 0.505859375 0.603515625 0.0859375 0.48046875
3 0.6494140625 0.5390625 0.033203125 0.203125
0 0.685546875 0.53125 0.03125 0.1953125
0 0.7373046875 0.55859375 0.056640625 0.3046875
0 0.5986328125 0.47265625 0.025390625 0.125
0 0.5771484375 0.45703125 0.017578125 0.09375
0 0.3642578125 0.498046875 0.037109375 0.15234375
0 0.341796875 0.466796875 0.02734375 0.09765625
0 0.173828125 0.45703125 0.03515625 0.1640625
0 0.052734375 0.486328125 0.06640625 0.36328125
