0 0.37109375 0.650390625 0.109375 0.65234375
0 0.494140625 0.587890625 0.0859375 0.45703125
0 0.556640625 0.544921875 0.05078125 0.25390625
0 0.6044921875 0.53515625 0.037109375 0.1796875
0 0.65234375 0.51171875 0.02734375 0.1328125
0 0.6787109375 0.513671875 0.025390625 0.13671875
0 0.62109375 0.421875 0.01953125 0.0703125
0 0.578125 0.44140625 0.0234375 0.0703125
0 0.2861328125 0.453125 0.041015625 0.0859375
1 0.26953125 0.58203125 0.109375 0.1796875
0 0.0302734375 0.474609375 0.056640625 0.35546875
