0 0.3974609375 0.654296875 0.107421875 0.63671875
0 0.4931640625 0.59375 0.091796875 0.4453125
0 0.5634765625 0.548828125 0.048828125 0.25390625
0 0.5908203125 0.529296875 0.029296875 0.19140625
0 0.6484375 0.513671875 0.0234375 0.14453125
0 0.6806640625 0.515625 0.029296875 0.140625
0 0.6220703125 0.431640625 0.017578125 0.08203125
0 0.28515625 0.462890625 0.04296875 0.09765625
1 0.294921875 0.58203125 0.1171875 0.1640625
0 0.052734375 0.66796875 0.1015625 0.6640625
0 0.3369140625 0.447265625 0.021484375 0.08203125
