0 0.4189453125 0.650390625 0.103515625 0.62109375
0 0.5029296875 0.587890625 0.076171875 0.43359375
0 0.5771484375 0.55078125 0.056640625 0.25
0 0.6474609375 0.50390625 0.025390625 0.15625
0 0.6748046875 0.515625 0.033203125 0.140625
0 0.2822265625 0.458984375 0.044921875 0.08984375
0 0.3388671875 0.455078125 0.029296875 0.12109375
1 0.298828125 0.580078125 0.1328125 0.16015625
0 0.0517578125 0.6953125 0.099609375 0.546875
0 0.076171875 0.533203125 0.0859375 0.33984375
0 0.6201171875 0.435546875 0.017578125 0.08984375
