0 0.0810546875 0.646484375 0.119140625 0.43359375
0 0.09375 0.52734375 0.12109375 0.3046875
0 0.2822265625 0.466796875 0.048828125 0.11328125
1 0.3017578125 0.58203125 0.130859375 0.1640625
0 0.3388671875 0.451171875 0.029296875 0.12109375
0 0.373046875 0.470703125 0.03125 0.10546875
0 0.431640625 0.638671875 0.09765625 0.61328125
0 0.5166015625 0.583984375 0.072265625 0.42578125
0 0.5908203125 0.552734375 0.048828125 0.25390625
0 0.646484375 0.515625 0.03125 0.140625
0 0.67578125 0.517578125 0.02734375 0.14453125
0 0.6220703125 0.4296875 0.017578125 0.0859375
