0 0.470703125 0.642578125 0.1015625 0.58984375
0 0.517578125 0.58203125 0.046875 0.421875
0 0.59765625 0.556640625 0.0546875 0.26171875
0 0.642578125 0.517578125 0.02734375 0.14453125
0 0.6767578125 0.5078125 0.033203125 0.15625
0 0.375 0.48828125 0.02734375 0.1328125
0 0.33984375 0.462890625 0.03125 0.15234375
0 0.2900390625 0.46875 0.052734375 0.109375
0 0.1181640625 0.634765625 0.103515625 0.40234375
0 0.1337890625 0.564453125 0.130859375 0.36328125
1 0.2998046875 0.583984375 0.134765625 0.16015625
