0 0.087890625 0.5859375 0.171875 0.828125
0 0.197265625 0.607421875 0.07421875 0.32421875
0 0.2041015625 0.50390625 0.087890625 0.234375
1 0.3056640625 0.580078125 0.119140625 0.16796875
0 0.3017578125 0.474609375 0.041015625 0.10546875
0 0.3701171875 0.49609375 0.029296875 0.15625
0 0.5380859375 0.638671875 0.095703125 0.55078125
0 0.4658203125 0.509765625 0.033203125 0.19921875
0 0.6318359375 0.568359375 0.056640625 0.26953125
0 0.6748046875 0.51171875 0.029296875 0.1640625
0 0.58203125 0.4296875 0.01953125 0.0703125
0 0.61328125 0.427734375 0.01953125 0.08203125
