0 0.541015625 0.63671875 0.09765625 0.5390625
0 0.1376953125 0.59765625 0.228515625 0.8046875
0 0.244140625 0.505859375 0.0625 0.20703125
0 0.31640625 0.478515625 0.04296875 0.11328125
0 0.3740234375 0.490234375 0.025390625 0.15234375
0 0.3564453125 0.46875 0.021484375 0.1484375
0 0.458984375 0.517578125 0.03125 0.18359375
1 0.3193359375 0.578125 0.095703125 0.1328125
0 0.5947265625 0.55078125 0.029296875 0.21875
0 0.6376953125 0.5703125 0.048828125 0.265625
0 0.6748046875 0.515625 0.029296875 0.15625
0 0.6142578125 0.416015625 0.017578125 0.05859375
