0 0.1982421875 0.458984375 0.025390625 0.08203125
0 0.2333984375 0.482421875 0.037109375 0.10546875
0 0.4111328125 0.509765625 0.037109375 0.15234375
0 0.3876953125 0.478515625 0.021484375 0.12109375
0 0.4541015625 0.521484375 0.037109375 0.18359375
0 0.4990234375 0.505859375 0.025390625 0.16015625
1 0.298828125 0.5703125 0.12890625 0.171875
0 0.55078125 0.66015625 0.11328125 0.484375
0 0.603515625 0.52734375 0.05078125 0.2578125
0 0.6611328125 0.537109375 0.025390625 0.15234375
0 0.6875 0.533203125 0.02734375 0.16796875
