0 0.5732421875 0.650390625 0.072265625 0.44140625
0 0.619140625 0.578125 0.05078125 0.34375
0 0.6572265625 0.52734375 0.029296875 0.1796875
0 0.6826171875 0.51953125 0.029296875 0.1953125
0 0.484375 0.470703125 0.03125 0.09765625
0 0.5068359375 0.501953125 0.025390625 0.14453125
1 0.4873046875 0.55859375 0.037109375 0.1328125
0 0.396484375 0.47265625 0.02734375 0.1484375
0 0.4140625 0.501953125 0.0234375 0.14453125
0 0.4365234375 0.515625 0.033203125 0.1953125
1 0.291015625 0.57421875 0.1484375 0.1875
0 0.21875 0.458984375 0.03515625 0.12109375
