0 0.41796875 0.517578125 0.02734375 0.19140625
0 0.4482421875 0.486328125 0.048828125 0.10546875
1 0.4404296875 0.58984375 0.044921875 0.1328125
0 0.5107421875 0.5 0.025390625 0.140625
0 0.484375 0.46875 0.0234375 0.1171875
0 0.5341796875 0.49609375 0.025390625 0.125
0 0.5498046875 0.423828125 0.021484375 0.08984375
0 0.5751953125 0.6328125 0.064453125 0.4140625
3 0.6513671875 0.578125 0.056640625 0.328125
0 0.3876953125 0.4609375 0.029296875 0.1328125
0 0.2060546875 0.45703125 0.037109375 0.1328125
1 0.298828125 0.576171875 0.1328125 0.17578125
