0 0.5712890625 0.62890625 0.072265625 0.3984375
0 0.6748046875 0.58984375 0.068359375 0.328125
0 0.64453125 0.5390625 0.03125 0.171875
0 0.4169921875 0.486328125 0.060546875 0.12890625
1 0.4091796875 0.595703125 0.044921875 0.14453125
0 0.3505859375 0.466796875 0.041015625 0.11328125
0 0.2001953125 0.455078125 0.037109375 0.12890625
1 0.2998046875 0.583984375 0.130859375 0.17578125
0 0.38671875 0.458984375 0.02734375 0.12109375
0 0.5107421875 0.5 0.025390625 0.140625
0 0.533203125 0.505859375 0.0234375 0.12890625
0 0.482421875 0.46875 0.0234375 0.125
0 0.548828125 0.4140625 0.015625 0.0859375
