0 0.5751953125 0.623046875 0.111328125 0.39453125
0 0.7060546875 0.552734375 0.056640625 0.30859375
0 0.6435546875 0.53125 0.033203125 0.1796875
0 0.671875 0.5234375 0.03125 0.1875
0 0.5302734375 0.50390625 0.025390625 0.1328125
0 0.5107421875 0.501953125 0.029296875 0.13671875
0 0.4833984375 0.470703125 0.021484375 0.11328125
0 0.4189453125 0.515625 0.033203125 0.1953125
1 0.3818359375 0.61328125 0.048828125 0.1640625
0 0.2080078125 0.47265625 0.033203125 0.1171875
1 0.2841796875 0.5859375 0.107421875 0.140625
