0 0.5771484375 0.62890625 0.076171875 0.3828125
0 0.640625 0.529296875 0.03125 0.18359375
0 0.6748046875 0.529296875 0.041015625 0.18359375
0 0.7314453125 0.556640625 0.064453125 0.30078125
0 0.5107421875 0.5 0.025390625 0.140625
0 0.53125 0.49609375 0.01953125 0.1328125
0 0.482421875 0.470703125 0.015625 0.12109375
0 0.41796875 0.521484375 0.02734375 0.19921875
0 0.357421875 0.494140625 0.04296875 0.12109375
1 0.3544921875 0.619140625 0.056640625 0.19921875
0 0.1865234375 0.45703125 0.041015625 0.109375
0 0.2373046875 0.470703125 0.029296875 0.12109375
1 0.2802734375 0.591796875 0.095703125 0.15234375
