0 0.42578125 0.525390625 0.04296875 0.20703125
0 0.275390625 0.49609375 0.078125 0.140625
1 0.2646484375 0.654296875 0.068359375 0.23828125
1 0.326171875 0.578125 0.08203125 0.1328125
0 0.3876953125 0.529296875 0.037109375 0.19921875
0 0.5751953125 0.6171875 0.091796875 0.359375
0 0.4794921875 0.470703125 0.021484375 0.12890625
0 0.513671875 0.501953125 0.02734375 0.12890625
0 0.529296875 0.494140625 0.01953125 0.11328125
0 0.6337890625 0.533203125 0.033203125 0.18359375
0 0.6748046875 0.533203125 0.041015625 0.17578125
0 0.6025390625 0.41796875 0.017578125 0.0625
0 0.6337890625 0.41015625 0.017578125 0.0625
