0 0.123046875 0.501953125 0.125 0.21484375
1 0.1123046875 0.712890625 0.087890625 0.30078125
1 0.2998046875 0.58203125 0.130859375 0.1640625
0 0.3544921875 0.47265625 0.025390625 0.1171875
0 0.3837890625 0.51953125 0.037109375 0.203125
0 0.447265625 0.53125 0.0390625 0.203125
0 0.576171875 0.60546875 0.07421875 0.3515625
0 0.6171875 0.52734375 0.03515625 0.1640625
0 0.650390625 0.5390625 0.03125 0.1796875
0 0.6787109375 0.53515625 0.037109375 0.1953125
0 0.51171875 0.5 0.0234375 0.125
0 0.529296875 0.501953125 0.0234375 0.12890625
0 0.4765625 0.474609375 0.01953125 0.12109375
