0 0.046875 0.919921875 0.08984375 0.16015625
0 0.0458984375 0.69921875 0.044921875 0.203125
0 0.1005859375 0.6484375 0.033203125 0.1484375
0 0.181640625 0.619140625 0.02734375 0.12109375
0 0.2041015625 0.662109375 0.041015625 0.17578125
0 0.236328125 0.65625 0.03125 0.171875
0 0.392578125 0.603515625 0.03125 0.10546875
0 0.572265625 0.62890625 0.0234375 0.1484375
0 0.595703125 0.646484375 0.02734375 0.16796875
0 0.6240234375 0.640625 0.025390625 0.1484375
0 0.6572265625 0.615234375 0.029296875 0.14453125
