0 0.37890625 0.66796875 0.03515625 0.1640625
0 0.5146484375 0.6640625 0.029296875 0.1796875
0 0.763671875 0.875 0.08984375 0.25
0 0.7822265625 0.662109375 0.037109375 0.17578125
0 0.767578125 0.634765625 0.01953125 0.13671875
0 0.87890625 0.658203125 0.03125 0.16015625
0 0.9375 0.65234375 0.02734375 0.1484375
0 0.28125 0.673828125 0.03515625 0.16015625
0 0.2265625 0.71484375 0.04296875 0.21875
0 0.30078125 0.62890625 0.03125 0.125
0 0.0478515625 0.71484375 0.044921875 0.1875
0 0.0205078125 0.673828125 0.025390625 0.16015625
