0 0.5390625 0.66796875 0.03125 0.171875
0 0.9013671875 0.869140625 0.099609375 0.26171875
0 0.7705078125 0.66796875 0.041015625 0.1875
0 0.904296875 0.66015625 0.02734375 0.15625
0 0.9765625 0.650390625 0.0234375 0.16015625
0 0.48828125 0.6171875 0.015625 0.109375
0 0.4052734375 0.669921875 0.033203125 0.16796875
0 0.2919921875 0.7109375 0.033203125 0.21875
0 0.267578125 0.630859375 0.01953125 0.12890625
0 0.2451171875 0.671875 0.029296875 0.1640625
0 0.0322265625 0.7109375 0.044921875 0.1953125
