0 0.0185546875 0.673828125 0.033203125 0.16015625
0 0.064453125 0.71484375 0.0546875 0.1953125
0 0.26171875 0.677734375 0.03125 0.16015625
0 0.287109375 0.630859375 0.02734375 0.11328125
0 0.34375 0.71484375 0.05078125 0.21875
0 0.431640625 0.669921875 0.0390625 0.16796875
0 0.38671875 0.494140625 0.01953125 0.07421875
0 0.5703125 0.66796875 0.03515625 0.1640625
0 0.5009765625 0.619140625 0.017578125 0.11328125
0 0.791015625 0.671875 0.0390625 0.1953125
0 0.93359375 0.662109375 0.02734375 0.16015625
0 0.95703125 0.857421875 0.0859375 0.26953125
