0 0.0771484375 0.63671875 0.029296875 0.1171875
0 0.12109375 0.67578125 0.0234375 0.1640625
0 0.166015625 0.705078125 0.0390625 0.19921875
0 0.2919921875 0.62109375 0.017578125 0.109375
0 0.328125 0.701171875 0.04296875 0.21484375
0 0.416015625 0.66796875 0.0390625 0.1640625
0 0.4453125 0.49609375 0.015625 0.0703125
0 0.5908203125 0.6640625 0.029296875 0.171875
0 0.638671875 0.681640625 0.046875 0.16015625
0 0.6640625 0.63671875 0.03125 0.1484375
0 0.9189453125 0.669921875 0.029296875 0.16796875
0 0.9443359375 0.65625 0.025390625 0.15625
