0 0.91015625 0.673828125 0.04296875 0.15234375
0 0.9326171875 0.66015625 0.037109375 0.140625
0 0.6689453125 0.67578125 0.041015625 0.15625
0 0.640625 0.6328125 0.03515625 0.140625
0 0.5810546875 0.66015625 0.037109375 0.171875
0 0.4443359375 0.494140625 0.017578125 0.07421875
0 0.4345703125 0.65625 0.029296875 0.171875
0 0.33984375 0.697265625 0.0390625 0.20703125
0 0.26171875 0.615234375 0.01953125 0.10546875
0 0.1884765625 0.69921875 0.037109375 0.1953125
0 0.111328125 0.671875 0.03125 0.1640625
0 0.048828125 0.62890625 0.01953125 0.125
