0 0.298828125 0.49609375 0.01953125 0.0703125
0 0.2548828125 0.5 0.017578125 0.0625
0 0.41015625 0.63671875 0.03515625 0.1328125
0 0.451171875 0.640625 0.02734375 0.1328125
0 0.4814453125 0.646484375 0.025390625 0.13671875
0 0.5029296875 0.642578125 0.021484375 0.12890625
0 0.5732421875 0.654296875 0.029296875 0.15234375
0 0.23046875 0.642578125 0.02734375 0.13671875
0 0.15625 0.677734375 0.03515625 0.17578125
0 0.111328125 0.6875 0.0390625 0.1796875
0 0.0185546875 0.669921875 0.029296875 0.15234375
