0 0.623046875 0.6484375 0.02734375 0.1484375
0 0.5498046875 0.638671875 0.029296875 0.14453125
0 0.5205078125 0.6328125 0.029296875 0.1328125
0 0.4921875 0.634765625 0.0234375 0.14453125
0 0.44921875 0.634765625 0.03515625 0.13671875
0 0.3583984375 0.4921875 0.021484375 0.0703125
0 0.3115234375 0.494140625 0.017578125 0.06640625
0 0.28125 0.638671875 0.03515625 0.14453125
0 0.203125 0.66796875 0.02734375 0.171875
0 0.1669921875 0.677734375 0.037109375 0.17578125
0 0.0888671875 0.671875 0.033203125 0.1484375
