0 0.9189453125 0.642578125 0.029296875 0.14453125
0 0.94140625 0.65234375 0.0234375 0.1484375
0 0.8193359375 0.6484375 0.025390625 0.140625
0 0.7763671875 0.646484375 0.025390625 0.14453125
0 0.701171875 0.498046875 0.015625 0.06640625
0 0.6533203125 0.63671875 0.029296875 0.1328125
0 0.583984375 0.64453125 0.02734375 0.1328125
0 0.54296875 0.689453125 0.03515625 0.16015625
0 0.509765625 0.67578125 0.03125 0.171875
0 0.455078125 0.662109375 0.0234375 0.15234375
0 0.0361328125 0.630859375 0.017578125 0.10546875
