0 0.5341796875 0.67578125 0.041015625 0.171875
0 0.5849609375 0.689453125 0.037109375 0.16015625
0 0.60546875 0.64453125 0.02734375 0.1171875
0 0.6494140625 0.6328125 0.029296875 0.1328125
0 0.796875 0.646484375 0.0390625 0.15234375
0 0.8486328125 0.646484375 0.029296875 0.14453125
0 0.9384765625 0.638671875 0.025390625 0.13671875
0 0.9619140625 0.658203125 0.025390625 0.13671875
0 0.484375 0.669921875 0.02734375 0.16015625
0 0.041015625 0.685546875 0.02734375 0.15234375
0 0.013671875 0.677734375 0.0234375 0.16015625
0 0.05078125 0.62890625 0.015625 0.1015625
