0 0.4560546875 0.759765625 0.037109375 0.20703125
0 0.36328125 0.765625 0.05078125 0.1953125
0 0.537109375 0.7578125 0.03125 0.1953125
0 0.56640625 0.751953125 0.04296875 0.21484375
0 0.6142578125 0.724609375 0.052734375 0.22265625
0 0.6982421875 0.71875 0.037109375 0.203125
0 0.564453125 0.517578125 0.01953125 0.09765625
0 0.583984375 0.509765625 0.01953125 0.10546875
0 0.611328125 0.50390625 0.01953125 0.1015625
0 0.55078125 0.509765625 0.01171875 0.08984375
0 0.8935546875 0.48828125 0.021484375 0.109375
