0 0.4619140625 0.76171875 0.041015625 0.203125
0 0.3701171875 0.771484375 0.033203125 0.19921875
0 0.578125 0.740234375 0.03515625 0.19921875
0 0.615234375 0.734375 0.0390625 0.21875
0 0.6826171875 0.720703125 0.041015625 0.22265625
0 0.7255859375 0.732421875 0.033203125 0.19921875
0 0.529296875 0.513671875 0.0234375 0.09765625
0 0.552734375 0.513671875 0.015625 0.09765625
0 0.5693359375 0.513671875 0.017578125 0.09765625
0 0.5869140625 0.509765625 0.013671875 0.10546875
0 0.6142578125 0.50390625 0.017578125 0.1015625
0 0.89453125 0.4921875 0.01953125 0.109375
