0 0.8916015625 0.486328125 0.021484375 0.10546875
0 0.61328125 0.501953125 0.015625 0.08984375
0 0.59375 0.5078125 0.0234375 0.1015625
0 0.54296875 0.509765625 0.01953125 0.09765625
0 0.5693359375 0.51171875 0.017578125 0.1015625
0 0.5 0.51171875 0.0234375 0.1015625
0 0.4560546875 0.7421875 0.041015625 0.2109375
0 0.5078125 0.71875 0.0390625 0.1953125
0 0.54296875 0.716796875 0.046875 0.20703125
0 0.6474609375 0.71484375 0.033203125 0.2265625
0 0.720703125 0.732421875 0.0390625 0.20703125
0 0.41015625 0.748046875 0.03515625 0.21484375
