0 0.3642578125 0.6953125 0.048828125 0.2265625
0 0.326171875 0.6875 0.0390625 0.2109375
0 0.7353515625 0.708984375 0.052734375 0.20703125
0 0.6298828125 0.45703125 0.021484375 0.0859375
0 0.6513671875 0.455078125 0.021484375 0.09765625
0 0.119140625 0.6953125 0.0390625 0.2421875
0 0.01953125 0.748046875 0.03515625 0.21484375
0 0.056640625 0.486328125 0.01953125 0.09765625
0 0.0869140625 0.48046875 0.017578125 0.1015625
0 0.10546875 0.47265625 0.015625 0.1015625
0 0.380859375 0.458984375 0.01953125 0.10546875
0 0.7333984375 0.44140625 0.017578125 0.09375
