0 0.3916015625 0.693359375 0.033203125 0.23046875
0 0.3505859375 0.68359375 0.044921875 0.203125
0 0.736328125 0.70703125 0.05078125 0.203125
0 0.6298828125 0.458984375 0.021484375 0.08203125
0 0.6494140625 0.455078125 0.017578125 0.08984375
0 0.736328125 0.443359375 0.015625 0.08203125
0 0.1298828125 0.705078125 0.037109375 0.20703125
0 0.017578125 0.744140625 0.03125 0.21484375
0 0.06640625 0.478515625 0.01953125 0.09765625
0 0.09765625 0.478515625 0.01953125 0.11328125
0 0.1162109375 0.47265625 0.013671875 0.09375
0 0.3896484375 0.453125 0.021484375 0.1015625
