0 0.4033203125 0.6796875 0.029296875 0.203125
0 0.423828125 0.6953125 0.03125 0.234375
0 0.7197265625 0.705078125 0.041015625 0.19921875
0 0.6455078125 0.458984375 0.017578125 0.08984375
0 0.6630859375 0.45703125 0.017578125 0.09375
0 0.4169921875 0.451171875 0.017578125 0.10546875
0 0.1552734375 0.705078125 0.037109375 0.21484375
0 0.1748046875 0.67578125 0.025390625 0.203125
0 0.0390625 0.7421875 0.0390625 0.21875
0 0.0888671875 0.48046875 0.021484375 0.09375
0 0.1240234375 0.478515625 0.021484375 0.10546875
0 0.1435546875 0.4765625 0.013671875 0.1015625
