0 0.1875 0.869140625 0.05859375 0.26171875
0 0.265625 0.720703125 0.03515625 0.20703125
0 0.3505859375 0.685546875 0.037109375 0.23046875
0 0.6220703125 0.669921875 0.029296875 0.19921875
0 0.6416015625 0.6953125 0.037109375 0.2265625
0 0.7099609375 0.6875 0.033203125 0.203125
0 0.6123046875 0.4609375 0.021484375 0.109375
0 0.408203125 0.51171875 0.01953125 0.1015625
0 0.3408203125 0.478515625 0.013671875 0.10546875
0 0.3203125 0.478515625 0.01953125 0.09765625
0 0.2919921875 0.484375 0.017578125 0.1015625
0 0.9189453125 0.453125 0.017578125 0.0859375
