0 0.552734375 0.865234375 0.0703125 0.26953125
0 0.7724609375 0.69140625 0.037109375 0.2265625
0 0.751953125 0.689453125 0.02734375 0.20703125
0 0.6904296875 0.673828125 0.052734375 0.20703125
0 0.4404296875 0.701171875 0.048828125 0.20703125
0 0.513671875 0.677734375 0.04296875 0.20703125
0 0.3974609375 0.708984375 0.044921875 0.19140625
0 0.4296875 0.484375 0.01953125 0.09375
0 0.45703125 0.484375 0.015625 0.1015625
0 0.478515625 0.482421875 0.01953125 0.10546875
0 0.5078125 0.515625 0.02734375 0.109375
0 0.751953125 0.46484375 0.01953125 0.1015625
