0 0.6904296875 0.869140625 0.083984375 0.26171875
0 0.7841796875 0.6953125 0.052734375 0.1953125
0 0.8203125 0.6953125 0.03515625 0.2265625
0 0.8056640625 0.46484375 0.021484375 0.109375
0 0.560546875 0.673828125 0.0390625 0.19921875
0 0.466796875 0.705078125 0.046875 0.20703125
0 0.4267578125 0.708984375 0.041015625 0.19921875
0 0.482421875 0.490234375 0.01953125 0.08984375
0 0.3623046875 0.494140625 0.017578125 0.08203125
0 0.513671875 0.484375 0.01953125 0.1015625
0 0.544921875 0.51171875 0.0234375 0.109375
0 0.8525390625 0.462890625 0.021484375 0.11328125
