0 0.9541015625 0.880859375 0.068359375 0.23828125
0 0.8408203125 0.70703125 0.033203125 0.2109375
0 0.8984375 0.697265625 0.0390625 0.22265625
0 0.6484375 0.673828125 0.03125 0.19921875
0 0.73828125 0.6875 0.0390625 0.1953125
0 0.509765625 0.703125 0.0390625 0.203125
0 0.48046875 0.712890625 0.03125 0.18359375
0 0.57421875 0.494140625 0.01953125 0.09765625
0 0.6064453125 0.513671875 0.017578125 0.12890625
0 0.6240234375 0.486328125 0.013671875 0.09765625
0 0.640625 0.490234375 0.01953125 0.11328125
0 0.896484375 0.474609375 0.0234375 0.11328125
