0 0.3681640625 0.70703125 0.044921875 0.1875
0 0.333984375 0.708984375 0.03125 0.19140625
0 0.4609375 0.67578125 0.04296875 0.2109375
0 0.646484375 0.708984375 0.02734375 0.19140625
0 0.6953125 0.68359375 0.03515625 0.21875
0 0.7158203125 0.470703125 0.021484375 0.11328125
0 0.4599609375 0.490234375 0.017578125 0.10546875
0 0.4404296875 0.478515625 0.013671875 0.09765625
0 0.3916015625 0.4921875 0.017578125 0.0859375
0 0.4208984375 0.4921875 0.017578125 0.09375
0 0.376953125 0.5234375 0.0234375 0.109375
0 0.267578125 0.498046875 0.01953125 0.09765625
