0 0.216796875 0.732421875 0.05078125 0.19921875
0 0.19140625 0.712890625 0.03515625 0.19921875
0 0.1630859375 0.71484375 0.037109375 0.2265625
0 0.1083984375 0.697265625 0.033203125 0.20703125
0 0.080078125 0.744140625 0.05859375 0.22265625
0 0.138671875 0.5078125 0.01953125 0.1015625
0 0.162109375 0.501953125 0.01953125 0.10546875
0 0.1865234375 0.5 0.017578125 0.09375
0 0.2138671875 0.5078125 0.017578125 0.09375
0 0.837890625 0.4765625 0.03125 0.1015625
0 0.4609375 0.484375 0.01953125 0.109375
