0 0.7099609375 0.501953125 0.025390625 0.09765625
0 0.4931640625 0.515625 0.021484375 0.1015625
0 0.455078125 0.509765625 0.01953125 0.08984375
0 0.3125 0.724609375 0.0390625 0.19921875
0 0.26171875 0.75390625 0.0390625 0.2265625
0 0.21875 0.78515625 0.109375 0.1796875
0 0.2001953125 0.740234375 0.052734375 0.23828125
0 0.130859375 0.748046875 0.046875 0.22265625
0 0.142578125 0.515625 0.01171875 0.1015625
0 0.1591796875 0.51953125 0.017578125 0.109375
0 0.1982421875 0.5078125 0.021484375 0.109375
0 0.2216796875 0.51171875 0.021484375 0.1171875
0 0.0341796875 0.51953125 0.017578125 0.1015625
