0 0.515625 0.5 0.02734375 0.125
0 0.490234375 0.5078125 0.0234375 0.1015625
0 0.72265625 0.505859375 0.0234375 0.10546875
0 0.3359375 0.7265625 0.03515625 0.203125
0 0.279296875 0.74609375 0.04296875 0.21875
0 0.21484375 0.759765625 0.04296875 0.20703125
0 0.1962890625 0.728515625 0.033203125 0.21484375
0 0.166015625 0.75 0.0390625 0.2421875
0 0.1806640625 0.51953125 0.013671875 0.1015625
0 0.197265625 0.515625 0.015625 0.1015625
0 0.236328125 0.5078125 0.01953125 0.109375
0 0.255859375 0.513671875 0.01953125 0.11328125
0 0.1513671875 0.52734375 0.021484375 0.109375
