0 0.2314453125 0.732421875 0.037109375 0.20703125
0 0.169921875 0.78515625 0.0703125 0.203125
0 0.265625 0.76171875 0.05078125 0.21875
0 0.3466796875 0.751953125 0.056640625 0.20703125
0 0.4033203125 0.73046875 0.056640625 0.1953125
0 0.2646484375 0.515625 0.013671875 0.09375
0 0.3203125 0.50390625 0.015625 0.0859375
0 0.3388671875 0.517578125 0.021484375 0.10546875
0 0.15625 0.515625 0.015625 0.09375
0 0.5693359375 0.509765625 0.017578125 0.09765625
0 0.7744140625 0.509765625 0.029296875 0.09765625
