0 0.2744140625 0.611328125 0.021484375 0.12109375
0 0.37109375 0.61328125 0.03515625 0.1171875
0 0.45703125 0.61328125 0.02734375 0.09375
0 0.517578125 0.603515625 0.0234375 0.12109375
0 0.5498046875 0.603515625 0.025390625 0.11328125
0 0.3017578125 0.673828125 0.021484375 0.13671875
0 0.3095703125 0.5859375 0.021484375 0.078125
0 0.1435546875 0.634765625 0.029296875 0.08203125
0 0.96484375 0.650390625 0.0234375 0.12109375
0 0.53515625 0.44921875 0.01953125 0.0703125
0 0.5673828125 0.443359375 0.013671875 0.07421875
