0 0.1435546875 0.63671875 0.029296875 0.0859375
0 0.259765625 0.60546875 0.0234375 0.109375
0 0.27734375 0.61328125 0.015625 0.109375
0 0.298828125 0.677734375 0.0234375 0.14453125
0 0.3037109375 0.595703125 0.021484375 0.09765625
0 0.3720703125 0.60546875 0.025390625 0.1171875
0 0.46484375 0.607421875 0.02734375 0.10546875
0 0.5146484375 0.6015625 0.017578125 0.1171875
0 0.5478515625 0.599609375 0.017578125 0.11328125
0 0.5048828125 0.4453125 0.021484375 0.078125
0 0.537109375 0.4453125 0.015625 0.078125
0 0.9345703125 0.658203125 0.025390625 0.12890625
