0 0.3017578125 0.673828125 0.021484375 0.13671875
0 0.1435546875 0.640625 0.029296875 0.0859375
0 0.25390625 0.609375 0.0234375 0.1171875
0 0.27734375 0.611328125 0.01953125 0.11328125
0 0.3046875 0.578125 0.015625 0.0625
0 0.3212890625 0.60546875 0.017578125 0.1171875
0 0.3896484375 0.615234375 0.033203125 0.10546875
0 0.5166015625 0.60546875 0.021484375 0.125
0 0.5458984375 0.59765625 0.021484375 0.1171875
0 0.9091796875 0.658203125 0.029296875 0.12109375
0 0.4814453125 0.455078125 0.021484375 0.08203125
0 0.5126953125 0.44921875 0.017578125 0.0859375
