0 0.4736328125 0.447265625 0.017578125 0.07421875
0 0.5166015625 0.60546875 0.017578125 0.1171875
0 0.5498046875 0.603515625 0.021484375 0.11328125
0 0.90625 0.6640625 0.02734375 0.125
0 0.1435546875 0.638671875 0.025390625 0.08203125
0 0.2578125 0.609375 0.015625 0.125
0 0.2763671875 0.607421875 0.017578125 0.11328125
0 0.2919921875 0.611328125 0.013671875 0.11328125
0 0.3076171875 0.5859375 0.013671875 0.0703125
0 0.3056640625 0.6796875 0.013671875 0.1328125
0 0.328125 0.60546875 0.01953125 0.1171875
0 0.357421875 0.611328125 0.03125 0.11328125
0 0.5048828125 0.45703125 0.017578125 0.1015625
