0 0.517578125 0.607421875 0.01953125 0.12109375
0 0.55078125 0.60546875 0.0234375 0.109375
0 0.892578125 0.666015625 0.03125 0.12890625
0 0.4560546875 0.45703125 0.017578125 0.078125
0 0.494140625 0.44921875 0.015625 0.0703125
0 0.359375 0.609375 0.02734375 0.1171875
0 0.3017578125 0.6796875 0.017578125 0.1328125
0 0.30859375 0.609375 0.015625 0.1171875
0 0.283203125 0.609375 0.015625 0.1171875
0 0.26171875 0.611328125 0.015625 0.11328125
0 0.2470703125 0.607421875 0.013671875 0.12109375
0 0.1455078125 0.640625 0.029296875 0.078125
