0 0.8671875 0.67578125 0.02734375 0.125
0 0.4404296875 0.4453125 0.013671875 0.0625
0 0.41015625 0.44921875 0.015625 0.0703125
0 0.5498046875 0.6015625 0.021484375 0.109375
0 0.51953125 0.609375 0.0234375 0.1171875
0 0.4091796875 0.603515625 0.021484375 0.12109375
0 0.333984375 0.609375 0.03125 0.1171875
0 0.3037109375 0.681640625 0.021484375 0.13671875
0 0.3076171875 0.580078125 0.013671875 0.06640625
0 0.283203125 0.609375 0.015625 0.1171875
0 0.267578125 0.611328125 0.015625 0.11328125
0 0.25 0.61328125 0.01953125 0.1171875
0 0.1455078125 0.638671875 0.029296875 0.08984375
