0 0.83984375 0.6796875 0.0234375 0.125
0 0.9130859375 0.646484375 0.029296875 0.13671875
0 0.3798828125 0.44921875 0.017578125 0.0703125
0 0.40625 0.447265625 0.015625 0.07421875
0 0.5498046875 0.603515625 0.021484375 0.11328125
0 0.51953125 0.611328125 0.0234375 0.11328125
0 0.458984375 0.611328125 0.03515625 0.11328125
0 0.3369140625 0.61328125 0.025390625 0.109375
0 0.302734375 0.6796875 0.0234375 0.1328125
0 0.306640625 0.578125 0.01953125 0.0625
0 0.2763671875 0.609375 0.017578125 0.1171875
0 0.1435546875 0.638671875 0.029296875 0.08203125
