0 0.828125 0.681640625 0.03125 0.12890625
0 0.87109375 0.65625 0.03125 0.1328125
0 0.365234375 0.44921875 0.01953125 0.0703125
0 0.3896484375 0.44921875 0.017578125 0.0703125
0 0.5478515625 0.609375 0.021484375 0.1171875
0 0.5126953125 0.60546875 0.021484375 0.1171875
0 0.3857421875 0.6171875 0.029296875 0.109375
0 0.3017578125 0.677734375 0.021484375 0.13671875
0 0.322265625 0.611328125 0.01953125 0.11328125
0 0.3056640625 0.580078125 0.013671875 0.05859375
0 0.291015625 0.607421875 0.015625 0.10546875
0 0.14453125 0.640625 0.03125 0.0859375
