0 0.818359375 0.685546875 0.0234375 0.12890625
0 0.849609375 0.66015625 0.0234375 0.125
0 0.54296875 0.607421875 0.01953125 0.11328125
0 0.515625 0.609375 0.0234375 0.1171875
0 0.4111328125 0.5859375 0.029296875 0.09375
0 0.357421875 0.44921875 0.015625 0.0703125
0 0.38671875 0.443359375 0.01953125 0.06640625
0 0.3310546875 0.61328125 0.029296875 0.1171875
0 0.30078125 0.6796875 0.0234375 0.1328125
0 0.3076171875 0.58203125 0.013671875 0.0625
0 0.2939453125 0.607421875 0.013671875 0.12109375
0 0.14453125 0.640625 0.02734375 0.0859375
