0 0.79296875 0.69140625 0.02734375 0.1328125
0 0.767578125 0.67578125 0.0234375 0.140625
0 0.55078125 0.60546875 0.02734375 0.125
0 0.51953125 0.607421875 0.0234375 0.11328125
0 0.5 0.60546875 0.01953125 0.1171875
0 0.419921875 0.61328125 0.0390625 0.109375
0 0.34375 0.609375 0.0234375 0.109375
0 0.298828125 0.681640625 0.0234375 0.13671875
0 0.3115234375 0.578125 0.029296875 0.0625
0 0.1455078125 0.640625 0.029296875 0.078125
0 0.322265625 0.44921875 0.015625 0.0625
0 0.3515625 0.4453125 0.015625 0.0703125
