0 0.1435546875 0.638671875 0.029296875 0.08203125
0 0.3076171875 0.451171875 0.021484375 0.06640625
0 0.330078125 0.4453125 0.015625 0.0703125
0 0.302734375 0.6796875 0.01953125 0.1328125
0 0.306640625 0.58203125 0.015625 0.0703125
0 0.4033203125 0.603515625 0.025390625 0.09765625
0 0.4912109375 0.611328125 0.033203125 0.12109375
0 0.5185546875 0.609375 0.017578125 0.1171875
0 0.56640625 0.609375 0.01953125 0.109375
0 0.740234375 0.6875 0.02734375 0.1484375
0 0.7783203125 0.693359375 0.029296875 0.13671875
