0 0.1474609375 0.640625 0.029296875 0.0859375
0 0.302734375 0.67578125 0.01953125 0.140625
0 0.3115234375 0.576171875 0.025390625 0.05859375
0 0.2958984375 0.451171875 0.017578125 0.06640625
0 0.318359375 0.4453125 0.01953125 0.0625
0 0.423828125 0.61328125 0.02734375 0.109375
0 0.498046875 0.609375 0.0234375 0.1171875
0 0.5224609375 0.61328125 0.021484375 0.1171875
0 0.55859375 0.609375 0.0234375 0.1171875
0 0.7255859375 0.6953125 0.029296875 0.140625
0 0.7744140625 0.6953125 0.029296875 0.140625
