0 0.1455078125 0.638671875 0.033203125 0.08984375
0 0.2861328125 0.451171875 0.017578125 0.06640625
0 0.3115234375 0.447265625 0.013671875 0.06640625
0 0.302734375 0.6796875 0.01953125 0.140625
0 0.30859375 0.580078125 0.015625 0.06640625
0 0.4384765625 0.615234375 0.025390625 0.10546875
0 0.4873046875 0.60546875 0.021484375 0.125
0 0.5166015625 0.609375 0.021484375 0.109375
0 0.5537109375 0.611328125 0.025390625 0.11328125
0 0.71484375 0.6953125 0.03125 0.1484375
0 0.767578125 0.697265625 0.02734375 0.13671875
