0 0.1455078125 0.638671875 0.029296875 0.08203125
0 0.2783203125 0.44921875 0.017578125 0.0703125
0 0.3037109375 0.4453125 0.013671875 0.0703125
0 0.3037109375 0.673828125 0.017578125 0.14453125
0 0.3076171875 0.580078125 0.013671875 0.06640625
0 0.4716796875 0.61328125 0.037109375 0.109375
0 0.5048828125 0.611328125 0.025390625 0.10546875
0 0.52734375 0.607421875 0.015625 0.11328125
0 0.552734375 0.60546875 0.01953125 0.1171875
0 0.5732421875 0.61328125 0.025390625 0.109375
0 0.705078125 0.69921875 0.02734375 0.15625
0 0.765625 0.69921875 0.02734375 0.140625
