0 0.14453125 0.638671875 0.03125 0.08203125
0 0.302734375 0.6796875 0.01953125 0.1328125
0 0.306640625 0.580078125 0.015625 0.06640625
0 0.4404296875 0.61328125 0.017578125 0.1171875
0 0.259765625 0.451171875 0.015625 0.06640625
0 0.2841796875 0.443359375 0.013671875 0.07421875
0 0.4931640625 0.611328125 0.017578125 0.10546875
0 0.52734375 0.615234375 0.01953125 0.11328125
0 0.5439453125 0.609375 0.013671875 0.109375
0 0.55859375 0.609375 0.015625 0.109375
0 0.5810546875 0.61328125 0.021484375 0.109375
0 0.6943359375 0.712890625 0.025390625 0.16015625
0 0.7548828125 0.705078125 0.029296875 0.15234375
0 0.8740234375 0.66796875 0.025390625 0.125
0 0.9169921875 0.669921875 0.029296875 0.13671875
