0 0.6884765625 0.736328125 0.033203125 0.16796875
0 0.74609375 0.7109375 0.0234375 0.1484375
0 0.830078125 0.677734375 0.02734375 0.14453125
0 0.869140625 0.693359375 0.02734375 0.13671875
0 0.578125 0.6171875 0.01953125 0.1015625
0 0.552734375 0.609375 0.0234375 0.109375
0 0.53125 0.609375 0.01953125 0.109375
0 0.51171875 0.609375 0.01953125 0.1171875
0 0.4580078125 0.615234375 0.029296875 0.11328125
0 0.380859375 0.619140625 0.02734375 0.11328125
0 0.3046875 0.677734375 0.01953125 0.15234375
0 0.30859375 0.58984375 0.015625 0.078125
0 0.14453125 0.640625 0.03125 0.0859375
0 0.2294921875 0.44921875 0.017578125 0.0625
0 0.259765625 0.44921875 0.015625 0.0703125
