0 0.6904296875 0.748046875 0.033203125 0.17578125
0 0.7392578125 0.71875 0.029296875 0.1484375
0 0.802734375 0.689453125 0.02734375 0.13671875
0 0.8466796875 0.705078125 0.033203125 0.14453125
0 0.578125 0.61328125 0.0234375 0.109375
0 0.556640625 0.607421875 0.0234375 0.12109375
0 0.5283203125 0.607421875 0.021484375 0.12109375
0 0.4833984375 0.6171875 0.033203125 0.109375
0 0.400390625 0.59375 0.0234375 0.1171875
0 0.3056640625 0.6796875 0.021484375 0.1328125
0 0.310546875 0.5859375 0.0234375 0.0703125
0 0.1435546875 0.640625 0.029296875 0.0859375
0 0.208984375 0.451171875 0.01953125 0.06640625
0 0.240234375 0.4453125 0.015625 0.0703125
