0 0.701171875 0.759765625 0.03125 0.19140625
0 0.732421875 0.720703125 0.02734375 0.16015625
0 0.78515625 0.697265625 0.02734375 0.14453125
0 0.8330078125 0.72265625 0.033203125 0.1484375
0 0.19140625 0.447265625 0.01171875 0.06640625
0 0.2216796875 0.44921875 0.013671875 0.0703125
0 0.302734375 0.681640625 0.01953125 0.13671875
0 0.1455078125 0.642578125 0.029296875 0.08203125
0 0.2841796875 0.609375 0.021484375 0.1171875
0 0.306640625 0.58203125 0.015625 0.0625
0 0.3408203125 0.62109375 0.025390625 0.109375
0 0.412109375 0.61328125 0.01953125 0.1171875
0 0.5791015625 0.44140625 0.017578125 0.0859375
0 0.0234375 0.43359375 0.015625 0.0859375
0 0.5078125 0.607421875 0.01953125 0.11328125
0 0.52734375 0.607421875 0.015625 0.11328125
0 0.546875 0.609375 0.015625 0.109375
0 0.56640625 0.609375 0.01953125 0.109375
