0 0.74609375 0.791015625 0.03515625 0.19921875
0 0.71875 0.73046875 0.02734375 0.1640625
0 0.771484375 0.712890625 0.02734375 0.15234375
0 0.8369140625 0.744140625 0.041015625 0.16796875
0 0.576171875 0.451171875 0.01953125 0.07421875
0 0.1611328125 0.44921875 0.017578125 0.0703125
0 0.14453125 0.638671875 0.02734375 0.08203125
0 0.2744140625 0.615234375 0.021484375 0.11328125
0 0.291015625 0.61328125 0.015625 0.1171875
0 0.3037109375 0.677734375 0.017578125 0.13671875
0 0.318359375 0.61328125 0.01953125 0.1171875
0 0.4326171875 0.615234375 0.029296875 0.11328125
0 0.498046875 0.61328125 0.02734375 0.109375
0 0.5263671875 0.609375 0.017578125 0.1171875
0 0.546875 0.609375 0.01953125 0.109375
0 0.572265625 0.607421875 0.01953125 0.11328125
