0 0.3798828125 0.619140625 0.041015625 0.10546875
0 0.4453125 0.615234375 0.0234375 0.09765625
0 0.5244140625 0.607421875 0.021484375 0.12109375
0 0.564453125 0.609375 0.02734375 0.109375
0 0.712890625 0.740234375 0.03125 0.16015625
0 0.7685546875 0.724609375 0.029296875 0.15234375
0 0.796875 0.8046875 0.04296875 0.203125
0 0.853515625 0.7578125 0.0390625 0.1796875
0 0.5712890625 0.458984375 0.017578125 0.06640625
0 0.140625 0.447265625 0.015625 0.07421875
0 0.302734375 0.681640625 0.01953125 0.13671875
0 0.3076171875 0.58203125 0.013671875 0.0625
0 0.279296875 0.615234375 0.015625 0.11328125
0 0.265625 0.619140625 0.015625 0.11328125
0 0.14453125 0.638671875 0.02734375 0.08984375
