0 0.3046875 0.6796875 0.01953125 0.1328125
0 0.28125 0.615234375 0.01953125 0.10546875
0 0.2626953125 0.61328125 0.017578125 0.109375
0 0.14453125 0.640625 0.03125 0.0859375
0 0.12109375 0.44921875 0.01953125 0.0703125
0 0.5595703125 0.455078125 0.017578125 0.06640625
0 0.5595703125 0.607421875 0.025390625 0.11328125
0 0.498046875 0.611328125 0.02734375 0.10546875
0 0.52734375 0.609375 0.015625 0.1171875
0 0.3955078125 0.61328125 0.021484375 0.109375
0 0.3173828125 0.6171875 0.021484375 0.109375
0 0.7099609375 0.740234375 0.033203125 0.16796875
0 0.7685546875 0.732421875 0.029296875 0.16015625
0 0.85546875 0.822265625 0.03515625 0.22265625
0 0.888671875 0.775390625 0.03515625 0.18359375
