0 0.5458984375 0.455078125 0.017578125 0.07421875
0 0.7138671875 0.75 0.029296875 0.171875
0 0.77734375 0.75390625 0.03515625 0.1640625
0 0.560546875 0.60546875 0.01953125 0.109375
0 0.525390625 0.609375 0.01953125 0.1171875
0 0.41015625 0.609375 0.0234375 0.109375
0 0.3046875 0.68359375 0.0234375 0.1484375
0 0.3154296875 0.609375 0.021484375 0.109375
0 0.2890625 0.609375 0.01953125 0.1171875
0 0.259765625 0.61328125 0.01953125 0.1171875
0 0.1455078125 0.642578125 0.029296875 0.08203125
0 0.09375 0.447265625 0.015625 0.07421875
