0 0.302734375 0.67578125 0.01953125 0.140625
0 0.525390625 0.607421875 0.01953125 0.12109375
0 0.5576171875 0.60546875 0.021484375 0.109375
0 0.71484375 0.751953125 0.03515625 0.16796875
0 0.7822265625 0.759765625 0.033203125 0.16796875
0 0.0810546875 0.44921875 0.017578125 0.0625
0 0.14453125 0.640625 0.03125 0.0859375
0 0.2548828125 0.611328125 0.021484375 0.12109375
0 0.2744140625 0.611328125 0.017578125 0.11328125
0 0.2900390625 0.60546875 0.013671875 0.1015625
0 0.3076171875 0.58203125 0.013671875 0.0546875
0 0.3291015625 0.609375 0.017578125 0.1171875
0 0.384765625 0.615234375 0.0234375 0.10546875
0 0.984375 0.822265625 0.03125 0.20703125
