0 0.14453125 0.64453125 0.03125 0.0859375
0 0.052734375 0.447265625 0.01953125 0.06640625
0 0.24609375 0.615234375 0.01171875 0.10546875
0 0.2666015625 0.611328125 0.021484375 0.11328125
0 0.2919921875 0.61328125 0.013671875 0.109375
0 0.3046875 0.677734375 0.015625 0.13671875
0 0.3095703125 0.61328125 0.017578125 0.1171875
0 0.388671875 0.615234375 0.02734375 0.11328125
0 0.5390625 0.455078125 0.015625 0.06640625
0 0.52734375 0.609375 0.015625 0.109375
0 0.5556640625 0.609375 0.021484375 0.109375
0 0.7236328125 0.763671875 0.033203125 0.17578125
0 0.8125 0.779296875 0.03515625 0.18359375
