0 0.14453125 0.638671875 0.02734375 0.08203125
0 0.0439453125 0.4453125 0.017578125 0.0625
0 0.2451171875 0.611328125 0.013671875 0.11328125
0 0.2705078125 0.609375 0.021484375 0.125
0 0.302734375 0.677734375 0.01953125 0.13671875
0 0.3212890625 0.61328125 0.021484375 0.1171875
0 0.2998046875 0.607421875 0.021484375 0.12109375
0 0.4169921875 0.611328125 0.021484375 0.12109375
0 0.5283203125 0.607421875 0.017578125 0.11328125
0 0.556640625 0.60546875 0.01953125 0.109375
0 0.54296875 0.609375 0.01171875 0.109375
0 0.7294921875 0.76953125 0.029296875 0.171875
0 0.826171875 0.7890625 0.046875 0.1875
0 0.5439453125 0.45703125 0.017578125 0.0625
