0 0.5625 0.453125 0.01171875 0.0625
0 0.7412109375 0.7734375 0.029296875 0.1796875
0 0.8671875 0.810546875 0.0390625 0.19140625
0 0.5517578125 0.60546875 0.017578125 0.1171875
0 0.529296875 0.60546875 0.01953125 0.1171875
0 0.458984375 0.6171875 0.03125 0.109375
0 0.373046875 0.615234375 0.0234375 0.10546875
0 0.302734375 0.6796875 0.0234375 0.1328125
0 0.146484375 0.642578125 0.03125 0.08203125
0 0.24609375 0.615234375 0.015625 0.09765625
0 0.2607421875 0.611328125 0.017578125 0.10546875
0 0.283203125 0.609375 0.015625 0.1171875
0 0.3056640625 0.58203125 0.013671875 0.0625
0 0.322265625 0.609375 0.015625 0.125
