0 0.7470703125 0.779296875 0.033203125 0.18359375
0 0.89453125 0.818359375 0.0390625 0.19140625
0 0.572265625 0.458984375 0.015625 0.06640625
0 0.55078125 0.609375 0.01953125 0.109375
0 0.525390625 0.607421875 0.0234375 0.11328125
0 0.4951171875 0.609375 0.029296875 0.109375
0 0.3349609375 0.615234375 0.033203125 0.12109375
0 0.4052734375 0.595703125 0.021484375 0.11328125
0 0.302734375 0.681640625 0.0234375 0.14453125
0 0.2900390625 0.583984375 0.013671875 0.06640625
0 0.306640625 0.58203125 0.015625 0.0546875
0 0.26953125 0.61328125 0.015625 0.1171875
0 0.24609375 0.6171875 0.01171875 0.109375
0 0.1455078125 0.640625 0.029296875 0.078125
