0 0.1376953125 0.541015625 0.033203125 0.19140625
0 0.236328125 0.53515625 0.03515625 0.1875
0 0.3212890625 0.5234375 0.037109375 0.1875
0 0.4384765625 0.55859375 0.033203125 0.2109375
0 0.4599609375 0.498046875 0.021484375 0.16796875
0 0.5 0.505859375 0.03125 0.18359375
0 0.541015625 0.552734375 0.0234375 0.18359375
0 0.5556640625 0.5703125 0.033203125 0.2109375
0 0.66015625 0.552734375 0.02734375 0.21484375
0 0.689453125 0.533203125 0.03125 0.19140625
0 0.7568359375 0.546875 0.041015625 0.2109375
0 0.7880859375 0.51953125 0.021484375 0.1953125
0 0.83203125 0.546875 0.0390625 0.1875
0 0.880859375 0.509765625 0.02734375 0.19140625
0 0.9326171875 0.53515625 0.025390625 0.1875
