0 0.1083984375 0.541015625 0.041015625 0.17578125
0 0.2158203125 0.541015625 0.033203125 0.16796875
0 0.29296875 0.5390625 0.0234375 0.1640625
0 0.330078125 0.521484375 0.0234375 0.19140625
0 0.416015625 0.55859375 0.03515625 0.2109375
0 0.431640625 0.501953125 0.02734375 0.18359375
0 0.4775390625 0.498046875 0.029296875 0.17578125
0 0.5126953125 0.55859375 0.025390625 0.1875
0 0.5458984375 0.5703125 0.037109375 0.203125
0 0.630859375 0.53515625 0.03515625 0.203125
0 0.66015625 0.548828125 0.03515625 0.23046875
0 0.7431640625 0.544921875 0.025390625 0.20703125
0 0.7685546875 0.51171875 0.025390625 0.1484375
0 0.8212890625 0.5546875 0.029296875 0.1875
0 0.8515625 0.509765625 0.03515625 0.19921875
0 0.923828125 0.53515625 0.03515625 0.1953125
