0 0.0537109375 0.5390625 0.048828125 0.1640625
0 0.1298828125 0.53125 0.044921875 0.1640625
0 0.228515625 0.5390625 0.03515625 0.140625
0 0.3330078125 0.556640625 0.033203125 0.19140625
0 0.3642578125 0.537109375 0.025390625 0.13671875
0 0.416015625 0.556640625 0.02734375 0.19140625
0 0.5087890625 0.53515625 0.021484375 0.1953125
0 0.5244140625 0.5546875 0.025390625 0.1875
0 0.572265625 0.53125 0.03515625 0.1875
0 0.6435546875 0.560546875 0.041015625 0.19921875
0 0.67578125 0.505859375 0.03125 0.18359375
0 0.7080078125 0.544921875 0.029296875 0.21484375
0 0.7451171875 0.498046875 0.041015625 0.19140625
0 0.7783203125 0.54296875 0.033203125 0.1953125
0 0.9033203125 0.53125 0.041015625 0.1796875
0 0.9833984375 0.5234375 0.033203125 0.1796875
0 0.412109375 0.474609375 0.03125 0.09765625
