0 0.01171875 0.533203125 0.01953125 0.17578125
0 0.125 0.541015625 0.03125 0.16015625
0 0.203125 0.501953125 0.0234375 0.15234375
0 0.228515625 0.5234375 0.0234375 0.140625
0 0.2626953125 0.56640625 0.041015625 0.1875
0 0.2705078125 0.5078125 0.033203125 0.1328125
0 0.3271484375 0.56640625 0.029296875 0.171875
0 0.400390625 0.544921875 0.03125 0.18359375
0 0.484375 0.54296875 0.02734375 0.1640625
0 0.51171875 0.57421875 0.02734375 0.203125
0 0.5966796875 0.564453125 0.037109375 0.18359375
0 0.6494140625 0.5078125 0.037109375 0.1875
0 0.6962890625 0.552734375 0.029296875 0.21484375
0 0.771484375 0.55859375 0.02734375 0.1875
0 0.87890625 0.548828125 0.02734375 0.17578125
0 0.9814453125 0.525390625 0.033203125 0.19140625
