0 0.015625 0.537109375 0.01953125 0.14453125
0 0.0615234375 0.5234375 0.033203125 0.1484375
0 0.1005859375 0.50390625 0.021484375 0.1484375
0 0.1591796875 0.52734375 0.025390625 0.1640625
0 0.205078125 0.5 0.0234375 0.1484375
0 0.2275390625 0.544921875 0.037109375 0.16015625
0 0.283203125 0.53515625 0.03515625 0.171875
0 0.326171875 0.529296875 0.03515625 0.18359375
0 0.359375 0.533203125 0.03515625 0.12109375
0 0.4384765625 0.5625 0.037109375 0.1875
0 0.4892578125 0.55078125 0.033203125 0.1875
0 0.60546875 0.55078125 0.03515625 0.1796875
0 0.7099609375 0.55078125 0.033203125 0.1796875
0 0.806640625 0.5390625 0.03515625 0.1640625
0 0.900390625 0.51953125 0.0390625 0.1796875
