0 0.109375 0.51171875 0.03125 0.140625
0 0.080078125 0.521484375 0.02734375 0.15234375
0 0.025390625 0.533203125 0.0234375 0.14453125
0 0.16015625 0.546875 0.03515625 0.1875
0 0.216796875 0.5546875 0.03125 0.1640625
0 0.287109375 0.546875 0.03125 0.1640625
0 0.3251953125 0.5390625 0.033203125 0.15625
0 0.353515625 0.53125 0.02734375 0.171875
0 0.439453125 0.5703125 0.03515625 0.1953125
0 0.4716796875 0.552734375 0.029296875 0.21484375
0 0.4970703125 0.5078125 0.033203125 0.171875
0 0.6005859375 0.548828125 0.037109375 0.19140625
0 0.701171875 0.5546875 0.03125 0.1796875
0 0.8037109375 0.54296875 0.033203125 0.171875
0 0.8896484375 0.521484375 0.037109375 0.18359375
