0 0.0302734375 0.53515625 0.025390625 0.140625
0 0.1064453125 0.52734375 0.025390625 0.1484375
0 0.1455078125 0.53125 0.025390625 0.1875
0 0.1796875 0.548828125 0.03515625 0.15234375
0 0.2431640625 0.50390625 0.025390625 0.1484375
0 0.279296875 0.53125 0.03515625 0.1640625
0 0.3837890625 0.529296875 0.021484375 0.18359375
0 0.4189453125 0.564453125 0.041015625 0.19140625
0 0.458984375 0.50390625 0.03125 0.15625
0 0.572265625 0.53515625 0.03515625 0.1875
0 0.6572265625 0.546875 0.033203125 0.171875
0 0.7763671875 0.53515625 0.033203125 0.15625
0 0.8515625 0.5234375 0.03515625 0.1796875
0 0.982421875 0.509765625 0.03515625 0.19140625
