0 0.046875 0.53515625 0.0234375 0.1484375
0 0.125 0.525390625 0.02734375 0.15234375
0 0.1484375 0.54296875 0.0234375 0.1640625
0 0.1708984375 0.5546875 0.025390625 0.1484375
0 0.2607421875 0.517578125 0.033203125 0.16796875
0 0.171875 0.484375 0.0234375 0.0859375
0 0.3701171875 0.51953125 0.041015625 0.15625
0 0.400390625 0.509765625 0.0234375 0.15234375
0 0.4208984375 0.56640625 0.033203125 0.171875
0 0.455078125 0.494140625 0.02734375 0.13671875
0 0.5712890625 0.541015625 0.033203125 0.19140625
0 0.6474609375 0.548828125 0.033203125 0.17578125
0 0.8388671875 0.515625 0.033203125 0.1796875
0 0.978515625 0.498046875 0.03125 0.18359375
