0 0.0166015625 0.541015625 0.029296875 0.15234375
0 0.0966796875 0.544921875 0.025390625 0.15234375
0 0.1162109375 0.55078125 0.021484375 0.140625
0 0.185546875 0.525390625 0.0234375 0.15234375
0 0.2294921875 0.529296875 0.025390625 0.15234375
0 0.2548828125 0.51171875 0.025390625 0.1484375
0 0.298828125 0.513671875 0.01953125 0.16015625
0 0.318359375 0.5078125 0.01953125 0.15625
0 0.4111328125 0.556640625 0.041015625 0.19921875
0 0.4560546875 0.505859375 0.029296875 0.15234375
0 0.4833984375 0.54296875 0.021484375 0.1796875
0 0.5576171875 0.54296875 0.037109375 0.1875
0 0.6376953125 0.5390625 0.033203125 0.171875
0 0.763671875 0.537109375 0.03125 0.16015625
0 0.8125 0.521484375 0.03125 0.16796875
0 0.9697265625 0.51953125 0.037109375 0.1796875
