0 0.0419921875 0.54296875 0.021484375 0.15625
0 0.0751953125 0.5390625 0.033203125 0.15625
0 0.154296875 0.5390625 0.01953125 0.140625
0 0.197265625 0.53125 0.0234375 0.1484375
0 0.2314453125 0.533203125 0.021484375 0.14453125
0 0.212890625 0.537109375 0.01953125 0.15234375
0 0.271484375 0.515625 0.02734375 0.1484375
0 0.3193359375 0.505859375 0.021484375 0.14453125
0 0.3740234375 0.51171875 0.025390625 0.1484375
0 0.4072265625 0.564453125 0.029296875 0.16796875
0 0.44140625 0.50390625 0.0234375 0.15625
0 0.5439453125 0.546875 0.037109375 0.1875
0 0.6259765625 0.541015625 0.029296875 0.17578125
0 0.736328125 0.54296875 0.04296875 0.1484375
0 0.7568359375 0.52734375 0.037109375 0.1640625
0 0.9482421875 0.50390625 0.033203125 0.1796875
