0 0.013671875 0.548828125 0.0234375 0.16015625
0 0.0546875 0.544921875 0.0390625 0.15234375
0 0.1025390625 0.544921875 0.037109375 0.14453125
0 0.130859375 0.548828125 0.01953125 0.15234375
0 0.21484375 0.541015625 0.0234375 0.14453125
0 0.279296875 0.53515625 0.03125 0.140625
0 0.3330078125 0.513671875 0.029296875 0.14453125
0 0.390625 0.513671875 0.0234375 0.14453125
0 0.4365234375 0.5546875 0.025390625 0.171875
0 0.4677734375 0.509765625 0.029296875 0.16015625
0 0.5693359375 0.541015625 0.041015625 0.18359375
0 0.603515625 0.537109375 0.03125 0.18359375
0 0.6572265625 0.5390625 0.033203125 0.171875
0 0.7080078125 0.544921875 0.029296875 0.13671875
0 0.72265625 0.53125 0.02734375 0.140625
0 0.96484375 0.505859375 0.03515625 0.18359375
