0 0.068359375 0.546875 0.02734375 0.15625
0 0.1005859375 0.541015625 0.033203125 0.14453125
0 0.1875 0.544921875 0.02734375 0.15234375
0 0.216796875 0.537109375 0.02734375 0.14453125
0 0.265625 0.533203125 0.02734375 0.14453125
0 0.306640625 0.541015625 0.01953125 0.15234375
0 0.3681640625 0.533203125 0.021484375 0.14453125
0 0.396484375 0.548828125 0.02734375 0.16015625
0 0.458984375 0.515625 0.03125 0.15625
0 0.498046875 0.51953125 0.0234375 0.15625
0 0.5302734375 0.509765625 0.021484375 0.16015625
0 0.5595703125 0.533203125 0.029296875 0.19140625
0 0.607421875 0.53515625 0.02734375 0.140625
0 0.64453125 0.517578125 0.0234375 0.15234375
0 0.6689453125 0.54296875 0.025390625 0.125
0 0.697265625 0.54296875 0.03125 0.1875
0 0.880859375 0.51171875 0.04296875 0.1640625
