0 0.0625 0.546875 0.0234375 0.1484375
0 0.1005859375 0.548828125 0.025390625 0.16015625
0 0.1884765625 0.548828125 0.021484375 0.14453125
0 0.216796875 0.541015625 0.03515625 0.15234375
0 0.2685546875 0.533203125 0.029296875 0.15234375
0 0.3017578125 0.541015625 0.021484375 0.13671875
0 0.328125 0.537109375 0.0390625 0.13671875
0 0.3642578125 0.529296875 0.021484375 0.13671875
0 0.384765625 0.53515625 0.0234375 0.1484375
0 0.4658203125 0.513671875 0.025390625 0.15234375
0 0.5 0.51953125 0.0234375 0.1484375
0 0.529296875 0.525390625 0.02734375 0.18359375
0 0.5625 0.517578125 0.03125 0.15234375
0 0.6123046875 0.51953125 0.029296875 0.1484375
0 0.6357421875 0.55078125 0.025390625 0.1328125
0 0.6982421875 0.5390625 0.029296875 0.1875
0 0.8330078125 0.509765625 0.037109375 0.16015625
