0 0.8349609375 0.72265625 0.041015625 0.1171875
0 0.986328125 0.66015625 0.02734375 0.1484375
0 0.7685546875 0.66015625 0.037109375 0.1328125
0 0.6943359375 0.69140625 0.029296875 0.171875
0 0.6416015625 0.638671875 0.029296875 0.12109375
0 0.708984375 0.65234375 0.015625 0.1015625
0 0.3818359375 0.681640625 0.029296875 0.15234375
0 0.3330078125 0.6875 0.029296875 0.15625
0 0.1962890625 0.640625 0.025390625 0.1015625
0 0.0625 0.84375 0.05859375 0.3046875
0 0.0458984375 0.505859375 0.017578125 0.06640625
