0 0.1728515625 0.84765625 0.048828125 0.2890625
0 0.181640625 0.64453125 0.01953125 0.09375
0 0.4365234375 0.685546875 0.025390625 0.16015625
0 0.490234375 0.68359375 0.02734375 0.140625
0 0.5 0.6328125 0.015625 0.0859375
0 0.7275390625 0.701171875 0.041015625 0.19140625
0 0.7705078125 0.666015625 0.029296875 0.14453125
0 0.8046875 0.67578125 0.02734375 0.15625
0 0.9384765625 0.73046875 0.041015625 0.1171875
0 0.2158203125 0.505859375 0.017578125 0.06640625
0 0.16796875 0.505859375 0.01953125 0.06640625
