0 0.2470703125 0.84765625 0.064453125 0.3046875
0 0.18359375 0.64453125 0.0234375 0.1015625
0 0.4345703125 0.62890625 0.025390625 0.1015625
0 0.4736328125 0.69140625 0.033203125 0.1484375
0 0.5341796875 0.68359375 0.025390625 0.1328125
0 0.7587890625 0.7109375 0.025390625 0.1875
0 0.7744140625 0.669921875 0.029296875 0.12890625
0 0.84765625 0.681640625 0.02734375 0.15234375
0 0.984375 0.708984375 0.03125 0.16796875
0 0.25390625 0.505859375 0.015625 0.06640625
0 0.3076171875 0.5078125 0.017578125 0.0703125
