0 0.1728515625 0.849609375 0.056640625 0.29296875
0 0.4443359375 0.646484375 0.029296875 0.09765625
0 0.294921875 0.634765625 0.0234375 0.09765625
0 0.5302734375 0.689453125 0.025390625 0.15234375
0 0.6298828125 0.67578125 0.025390625 0.140625
0 0.775390625 0.677734375 0.03125 0.13671875
0 0.8662109375 0.716796875 0.033203125 0.19921875
0 0.9541015625 0.6875 0.033203125 0.1484375
0 0.9873046875 0.69140625 0.025390625 0.15625
0 0.5869140625 0.513671875 0.017578125 0.06640625
0 0.5361328125 0.515625 0.017578125 0.0703125
