0 0.0849609375 0.857421875 0.080078125 0.28515625
0 0.5546875 0.69140625 0.02734375 0.1484375
0 0.5849609375 0.64453125 0.017578125 0.109375
0 0.6630859375 0.6796875 0.033203125 0.140625
0 0.78515625 0.677734375 0.0234375 0.14453125
0 0.931640625 0.71875 0.03125 0.203125
0 0.9599609375 0.712890625 0.033203125 0.19140625
0 0.2705078125 0.63671875 0.021484375 0.1015625
0 0.65234375 0.513671875 0.01953125 0.06640625
0 0.7001953125 0.513671875 0.013671875 0.07421875
0 0.5322265625 0.51953125 0.021484375 0.0703125
