0 0.0224609375 0.85546875 0.041015625 0.28125
0 0.5673828125 0.69140625 0.029296875 0.15625
0 0.271484375 0.63671875 0.01953125 0.1015625
0 0.6953125 0.6796875 0.03125 0.140625
0 0.6669921875 0.642578125 0.021484375 0.09765625
0 0.8251953125 0.677734375 0.021484375 0.13671875
0 0.9140625 0.720703125 0.05078125 0.17578125
0 0.966796875 0.6875 0.0390625 0.1484375
0 0.98828125 0.732421875 0.0234375 0.18359375
0 0.720703125 0.513671875 0.01953125 0.06640625
0 0.771484375 0.513671875 0.015625 0.06640625
0 0.6103515625 0.521484375 0.017578125 0.06640625
