0 0.2587890625 0.638671875 0.017578125 0.10546875
0 0.8095703125 0.515625 0.017578125 0.0703125
0 0.7578125 0.51953125 0.015625 0.0703125
0 0.5537109375 0.689453125 0.033203125 0.16015625
0 0.646484375 0.681640625 0.03515625 0.14453125
0 0.75 0.71875 0.02734375 0.1796875
0 0.73828125 0.646484375 0.01953125 0.10546875
0 0.8330078125 0.6796875 0.029296875 0.1484375
0 0.80078125 0.654296875 0.02734375 0.11328125
0 0.880859375 0.693359375 0.02734375 0.15234375
0 0.9921875 0.724609375 0.015625 0.17578125
