0 0.212890625 0.642578125 0.01953125 0.10546875
0 0.720703125 0.515625 0.015625 0.0703125
0 0.7705078125 0.515625 0.013671875 0.0703125
0 0.5087890625 0.689453125 0.025390625 0.16015625
0 0.5830078125 0.68359375 0.025390625 0.140625
0 0.6787109375 0.716796875 0.033203125 0.17578125
0 0.708984375 0.646484375 0.03515625 0.11328125
0 0.7822265625 0.6796875 0.037109375 0.140625
0 0.8203125 0.69140625 0.0390625 0.15625
0 0.9453125 0.71875 0.03515625 0.1953125
0 0.9814453125 0.697265625 0.033203125 0.17578125
