0 0.201171875 0.642578125 0.01953125 0.10546875
0 0.7099609375 0.513671875 0.013671875 0.07421875
0 0.759765625 0.51171875 0.015625 0.0703125
0 0.4873046875 0.689453125 0.021484375 0.16015625
0 0.5615234375 0.68359375 0.021484375 0.140625
0 0.6376953125 0.716796875 0.029296875 0.17578125
0 0.705078125 0.642578125 0.03125 0.10546875
0 0.759765625 0.677734375 0.03125 0.14453125
0 0.7900390625 0.693359375 0.021484375 0.15234375
0 0.9208984375 0.716796875 0.033203125 0.19921875
0 0.9541015625 0.69921875 0.029296875 0.171875
