0 0.5390625 0.68359375 0.03125 0.15625
0 0.5849609375 0.67578125 0.029296875 0.1484375
0 0.603515625 0.63671875 0.0234375 0.109375
0 0.67578125 0.68359375 0.02734375 0.171875
0 0.7041015625 0.712890625 0.037109375 0.19140625
0 0.623046875 0.509765625 0.015625 0.07421875
0 0.5732421875 0.505859375 0.013671875 0.07421875
0 0.30078125 0.671875 0.01953125 0.140625
0 0.28515625 0.71484375 0.03515625 0.171875
0 0.2666015625 0.68359375 0.021484375 0.1484375
0 0.2021484375 0.6484375 0.029296875 0.1015625
0 0.1640625 0.646484375 0.01953125 0.11328125
0 0.892578125 0.662109375 0.02734375 0.15234375
