0 0.5703125 0.5078125 0.015625 0.0703125
0 0.6201171875 0.5078125 0.013671875 0.0625
0 0.6572265625 0.685546875 0.033203125 0.17578125
0 0.6923828125 0.7109375 0.029296875 0.1875
0 0.60546875 0.63671875 0.02734375 0.1015625
0 0.578125 0.67578125 0.03125 0.1484375
0 0.5263671875 0.685546875 0.025390625 0.15234375
0 0.248046875 0.70703125 0.0390625 0.171875
0 0.2763671875 0.681640625 0.025390625 0.13671875
0 0.17578125 0.6484375 0.02734375 0.1171875
0 0.1484375 0.65234375 0.02734375 0.1015625
0 0.876953125 0.662109375 0.03515625 0.16015625
