0 0.576171875 0.505859375 0.015625 0.07421875
0 0.4697265625 0.689453125 0.037109375 0.14453125
0 0.5234375 0.67578125 0.02734375 0.15625
0 0.5615234375 0.63671875 0.021484375 0.109375
0 0.6005859375 0.6875 0.029296875 0.1796875
0 0.6435546875 0.705078125 0.037109375 0.19921875
0 0.822265625 0.666015625 0.03125 0.15234375
0 0.1806640625 0.708984375 0.033203125 0.16796875
0 0.20703125 0.689453125 0.0234375 0.15234375
0 0.1513671875 0.6484375 0.025390625 0.109375
0 0.060546875 0.65234375 0.03125 0.1015625
