0 0.392578125 0.75390625 0.0390625 0.1796875
0 0.69921875 0.927734375 0.05859375 0.14453125
0 0.5361328125 0.7109375 0.037109375 0.1875
0 0.6162109375 0.734375 0.041015625 0.1953125
0 0.6494140625 0.736328125 0.041015625 0.19140625
0 0.4697265625 0.74609375 0.048828125 0.2109375
0 0.48046875 0.6796875 0.03125 0.1484375
0 0.564453125 0.517578125 0.0234375 0.10546875
0 0.5986328125 0.5078125 0.017578125 0.109375
0 0.6162109375 0.505859375 0.013671875 0.08984375
0 0.896484375 0.4921875 0.0234375 0.109375
