0 0.357421875 0.767578125 0.05078125 0.19140625
0 0.4580078125 0.755859375 0.033203125 0.21484375
0 0.533203125 0.751953125 0.03125 0.20703125
0 0.5615234375 0.748046875 0.029296875 0.23046875
0 0.6044921875 0.72265625 0.052734375 0.21875
0 0.693359375 0.71484375 0.04296875 0.203125
0 0.5869140625 0.51171875 0.017578125 0.1171875
0 0.6142578125 0.5078125 0.021484375 0.109375
0 0.56640625 0.517578125 0.01953125 0.09765625
0 0.490234375 0.458984375 0.01953125 0.08203125
0 0.89453125 0.490234375 0.01953125 0.11328125
