0 0.380859375 0.77734375 0.04296875 0.171875
0 0.4609375 0.755859375 0.03515625 0.21484375
0 0.58984375 0.740234375 0.03515625 0.20703125
0 0.6181640625 0.744140625 0.041015625 0.20703125
0 0.6767578125 0.720703125 0.041015625 0.21484375
0 0.724609375 0.728515625 0.03515625 0.19921875
0 0.61328125 0.5078125 0.01953125 0.1015625
0 0.568359375 0.517578125 0.01953125 0.08984375
0 0.5859375 0.513671875 0.015625 0.09765625
0 0.5537109375 0.51953125 0.013671875 0.0859375
0 0.5263671875 0.5078125 0.017578125 0.09375
0 0.8955078125 0.494140625 0.025390625 0.11328125
