0 0.3779296875 0.75390625 0.041015625 0.203125
0 0.4267578125 0.75390625 0.044921875 0.2109375
0 0.515625 0.7421875 0.05078125 0.171875
0 0.5556640625 0.732421875 0.037109375 0.20703125
0 0.6494140625 0.720703125 0.033203125 0.21484375
0 0.72265625 0.736328125 0.03515625 0.20703125
0 0.591796875 0.509765625 0.01953125 0.10546875
0 0.61328125 0.505859375 0.01953125 0.10546875
0 0.568359375 0.515625 0.01953125 0.1015625
0 0.5439453125 0.513671875 0.021484375 0.09765625
0 0.513671875 0.509765625 0.01953125 0.09765625
0 0.89453125 0.4921875 0.0234375 0.109375
