0 0.44921875 0.75 0.0390625 0.2109375
0 0.484375 0.74609375 0.0390625 0.21875
0 0.51171875 0.7265625 0.0390625 0.1796875
0 0.541015625 0.72265625 0.06640625 0.2109375
0 0.650390625 0.724609375 0.046875 0.22265625
0 0.705078125 0.736328125 0.0390625 0.20703125
0 0.5986328125 0.509765625 0.017578125 0.10546875
0 0.6162109375 0.509765625 0.017578125 0.10546875
0 0.5693359375 0.515625 0.021484375 0.1015625
0 0.55078125 0.515625 0.01953125 0.109375
0 0.4814453125 0.513671875 0.017578125 0.09765625
0 0.896484375 0.498046875 0.01953125 0.10546875
