0 0.458984375 0.75390625 0.046875 0.2109375
0 0.5341796875 0.7421875 0.044921875 0.21875
0 0.5830078125 0.71875 0.048828125 0.203125
0 0.611328125 0.71484375 0.03125 0.203125
0 0.666015625 0.724609375 0.0390625 0.23046875
0 0.7138671875 0.736328125 0.037109375 0.20703125
0 0.8984375 0.50390625 0.02734375 0.1171875
0 0.615234375 0.509765625 0.015625 0.09765625
0 0.6064453125 0.51171875 0.017578125 0.1015625
0 0.5693359375 0.513671875 0.017578125 0.09765625
0 0.453125 0.517578125 0.015625 0.08984375
