0 0.4814453125 0.755859375 0.041015625 0.20703125
0 0.544921875 0.736328125 0.03125 0.21484375
0 0.6025390625 0.724609375 0.041015625 0.20703125
0 0.6416015625 0.72265625 0.048828125 0.203125
0 0.6767578125 0.7265625 0.033203125 0.2265625
0 0.73046875 0.744140625 0.04296875 0.19140625
0 0.8916015625 0.509765625 0.021484375 0.11328125
0 0.6162109375 0.501953125 0.013671875 0.09765625
0 0.6044921875 0.505859375 0.017578125 0.10546875
0 0.568359375 0.515625 0.01953125 0.09375
0 0.4521484375 0.521484375 0.017578125 0.08984375
