0 0.5029296875 0.75390625 0.033203125 0.2109375
0 0.5634765625 0.7421875 0.048828125 0.2109375
0 0.611328125 0.724609375 0.0390625 0.21484375
0 0.6904296875 0.732421875 0.033203125 0.22265625
0 0.66796875 0.720703125 0.0234375 0.19921875
0 0.5693359375 0.515625 0.017578125 0.1015625
0 0.451171875 0.5234375 0.01953125 0.1015625
0 0.6025390625 0.5078125 0.013671875 0.1015625
0 0.5869140625 0.517578125 0.017578125 0.09765625
0 0.6162109375 0.51171875 0.013671875 0.1015625
0 0.8759765625 0.513671875 0.017578125 0.09765625
