0 0.5791015625 0.73046875 0.048828125 0.2109375
0 0.6357421875 0.44921875 0.017578125 0.09375
0 0.6552734375 0.451171875 0.017578125 0.08203125
0 0.72265625 0.443359375 0.01953125 0.07421875
0 0.3515625 0.458984375 0.01953125 0.08984375
0 0.0849609375 0.705078125 0.037109375 0.20703125
0 0.0546875 0.69140625 0.0234375 0.2109375
0 0.0361328125 0.740234375 0.041015625 0.20703125
0 0.02734375 0.482421875 0.01953125 0.08984375
0 0.0546875 0.47265625 0.015625 0.109375
0 0.076171875 0.466796875 0.01953125 0.10546875
