0 0.3076171875 0.6875 0.033203125 0.21875
0 0.2763671875 0.677734375 0.029296875 0.21484375
0 0.6982421875 0.73046875 0.056640625 0.203125
0 0.095703125 0.708984375 0.03125 0.21484375
0 0.07421875 0.689453125 0.03515625 0.20703125
0 0.0263671875 0.75 0.048828125 0.21875
0 0.080078125 0.48046875 0.01953125 0.109375
0 0.0595703125 0.4765625 0.021484375 0.109375
0 0.0302734375 0.484375 0.021484375 0.109375
0 0.3564453125 0.4609375 0.021484375 0.1015625
0 0.6201171875 0.453125 0.017578125 0.0859375
0 0.6416015625 0.4609375 0.017578125 0.0859375
