0 0.7080078125 0.6953125 0.060546875 0.21875
0 0.7646484375 0.4453125 0.017578125 0.078125
0 0.6689453125 0.458984375 0.017578125 0.08203125
0 0.650390625 0.462890625 0.01953125 0.07421875
0 0.4423828125 0.693359375 0.033203125 0.22265625
0 0.419921875 0.685546875 0.03515625 0.19921875
0 0.185546875 0.689453125 0.0390625 0.22265625
0 0.1640625 0.705078125 0.02734375 0.21484375
0 0.0478515625 0.744140625 0.041015625 0.21484375
0 0.2763671875 0.501953125 0.021484375 0.08984375
0 0.427734375 0.45703125 0.0234375 0.1015625
0 0.1513671875 0.4765625 0.021484375 0.1015625
0 0.1318359375 0.48046875 0.017578125 0.09375
0 0.1005859375 0.482421875 0.021484375 0.10546875
