0 0.3359375 0.716796875 0.03515625 0.20703125
0 0.3662109375 0.861328125 0.076171875 0.26171875
0 0.4072265625 0.697265625 0.044921875 0.19921875
0 0.4375 0.6796875 0.03125 0.2109375
0 0.6552734375 0.669921875 0.060546875 0.19921875
0 0.7158203125 0.69921875 0.033203125 0.234375
0 0.681640625 0.458984375 0.0234375 0.11328125
0 0.4111328125 0.482421875 0.017578125 0.10546875
0 0.45703125 0.515625 0.0234375 0.09375
0 0.388671875 0.484375 0.01953125 0.1015625
0 0.3623046875 0.48828125 0.021484375 0.09375
