0 0.4541015625 0.701171875 0.033203125 0.20703125
0 0.4169921875 0.712890625 0.048828125 0.18359375
0 0.5390625 0.6796875 0.046875 0.1953125
0 0.7060546875 0.67578125 0.041015625 0.1875
0 0.623046875 0.876953125 0.05859375 0.24609375
0 0.767578125 0.6953125 0.03515625 0.203125
0 0.796875 0.6953125 0.03515625 0.234375
0 0.779296875 0.466796875 0.01953125 0.11328125
0 0.5244140625 0.51171875 0.021484375 0.109375
0 0.4853515625 0.486328125 0.017578125 0.09765625
0 0.455078125 0.494140625 0.01953125 0.09765625
0 0.5087890625 0.486328125 0.017578125 0.09765625
0 0.3369140625 0.498046875 0.025390625 0.10546875
0 0.939453125 0.4765625 0.015625 0.09375
