0 0.5849609375 0.677734375 0.033203125 0.19921875
0 0.8056640625 0.697265625 0.033203125 0.19921875
0 0.8447265625 0.697265625 0.033203125 0.22265625
0 0.763671875 0.875 0.05078125 0.25
0 0.4482421875 0.71484375 0.037109375 0.203125
0 0.4853515625 0.7109375 0.048828125 0.203125
0 0.5126953125 0.4921875 0.021484375 0.09375
0 0.392578125 0.494140625 0.01953125 0.08984375
0 0.244140625 0.501953125 0.015625 0.09765625
0 0.5400390625 0.482421875 0.013671875 0.08984375
0 0.56640625 0.51171875 0.01953125 0.1171875
0 0.5751953125 0.47265625 0.017578125 0.0859375
0 0.837890625 0.46875 0.0234375 0.1171875
