0 0.412109375 0.712890625 0.04296875 0.20703125
0 0.5537109375 0.681640625 0.041015625 0.19140625
0 0.6083984375 0.693359375 0.060546875 0.19140625
0 0.806640625 0.697265625 0.0390625 0.21484375
0 0.748046875 0.708984375 0.03515625 0.19921875
0 0.8154296875 0.484375 0.017578125 0.109375
0 0.556640625 0.498046875 0.015625 0.10546875
0 0.5205078125 0.4921875 0.013671875 0.09375
0 0.5 0.52734375 0.0234375 0.1015625
0 0.490234375 0.494140625 0.015625 0.07421875
0 0.365234375 0.501953125 0.01953125 0.08203125
