0 0.3662109375 0.72265625 0.044921875 0.1875
0 0.330078125 0.70703125 0.04296875 0.1796875
0 0.4296875 0.69921875 0.0390625 0.171875
0 0.4462890625 0.685546875 0.025390625 0.19921875
0 0.6259765625 0.708984375 0.029296875 0.19921875
0 0.6708984375 0.689453125 0.037109375 0.22265625
0 0.6943359375 0.4765625 0.017578125 0.1015625
0 0.7275390625 0.474609375 0.021484375 0.10546875
0 0.4365234375 0.490234375 0.013671875 0.10546875
0 0.4228515625 0.490234375 0.017578125 0.10546875
0 0.3720703125 0.4921875 0.017578125 0.1015625
0 0.3515625 0.521484375 0.0234375 0.10546875
0 0.25 0.50390625 0.0234375 0.1015625
