0 0.1884765625 0.7890625 0.060546875 0.203125
0 0.2255859375 0.765625 0.044921875 0.2109375
0 0.3544921875 0.767578125 0.052734375 0.22265625
0 0.3623046875 0.59765625 0.033203125 0.1171875
0 0.5556640625 0.74609375 0.033203125 0.21875
0 0.94921875 0.880859375 0.04296875 0.23046875
0 0.7470703125 0.505859375 0.017578125 0.10546875
0 0.791015625 0.505859375 0.0234375 0.12109375
0 0.466796875 0.52734375 0.015625 0.1171875
0 0.484375 0.525390625 0.015625 0.10546875
0 0.439453125 0.529296875 0.01953125 0.11328125
0 0.41796875 0.529296875 0.01953125 0.10546875
0 0.298828125 0.5390625 0.0234375 0.1015625
0 0.1484375 0.548828125 0.01953125 0.10546875
0 0.0302734375 0.568359375 0.021484375 0.10546875
