0 0.0185546875 0.884765625 0.033203125 0.23046875
0 0.220703125 0.787109375 0.0390625 0.21484375
0 0.2734375 0.76953125 0.04296875 0.21875
0 0.3125 0.7890625 0.07421875 0.1953125
0 0.373046875 0.7734375 0.05859375 0.2109375
0 0.564453125 0.7421875 0.04296875 0.2265625
0 0.4189453125 0.533203125 0.017578125 0.09765625
0 0.4384765625 0.533203125 0.017578125 0.10546875
0 0.46484375 0.529296875 0.0234375 0.10546875
0 0.484375 0.529296875 0.015625 0.10546875
0 0.3447265625 0.603515625 0.025390625 0.13671875
0 0.2998046875 0.5390625 0.021484375 0.1015625
0 0.748046875 0.513671875 0.015625 0.11328125
0 0.78125 0.517578125 0.01953125 0.09765625
