0 0.5947265625 0.90234375 0.041015625 0.1953125
0 0.5400390625 0.7578125 0.056640625 0.1953125
0 0.5478515625 0.748046875 0.033203125 0.19140625
0 0.474609375 0.76171875 0.03125 0.21875
0 0.423828125 0.763671875 0.0390625 0.23828125
0 0.44921875 0.7578125 0.0234375 0.1875
0 0.2314453125 0.591796875 0.025390625 0.11328125
0 0.1845703125 0.54296875 0.021484375 0.1015625
0 0.2978515625 0.533203125 0.021484375 0.08984375
0 0.4189453125 0.53125 0.017578125 0.0859375
0 0.4453125 0.525390625 0.01953125 0.09765625
0 0.46875 0.525390625 0.01953125 0.10546875
0 0.486328125 0.5234375 0.015625 0.109375
0 0.7265625 0.521484375 0.0234375 0.08984375
0 0.7470703125 0.51171875 0.017578125 0.109375
0 0.7763671875 0.51953125 0.017578125 0.09375
0 0.90625 0.533203125 0.0234375 0.10546875
