0 0.7138671875 0.90234375 0.044921875 0.1953125
0 0.541015625 0.755859375 0.046875 0.19921875
0 0.5166015625 0.75390625 0.056640625 0.1796875
0 0.4697265625 0.759765625 0.033203125 0.21484375
0 0.4375 0.765625 0.0390625 0.203125
0 0.4091796875 0.759765625 0.041015625 0.23828125
0 0.2158203125 0.595703125 0.033203125 0.12109375
0 0.302734375 0.53515625 0.01953125 0.1015625
0 0.4189453125 0.52734375 0.017578125 0.1015625
0 0.44140625 0.525390625 0.015625 0.10546875
0 0.46875 0.52734375 0.01953125 0.109375
0 0.4873046875 0.521484375 0.017578125 0.10546875
0 0.71484375 0.51953125 0.01953125 0.09375
0 0.7509765625 0.505859375 0.021484375 0.11328125
