0 0.5712890625 0.751953125 0.041015625 0.20703125
0 0.4716796875 0.751953125 0.044921875 0.21484375
0 0.3984375 0.740234375 0.0546875 0.19140625
0 0.3486328125 0.751953125 0.044921875 0.22265625
0 0.1474609375 0.59375 0.025390625 0.1171875
0 0.30859375 0.53515625 0.015625 0.09375
0 0.42578125 0.53515625 0.01953125 0.09375
0 0.46484375 0.525390625 0.01953125 0.10546875
0 0.486328125 0.521484375 0.015625 0.09765625
0 0.673828125 0.5234375 0.01953125 0.09375
0 0.7470703125 0.509765625 0.017578125 0.10546875
0 0.724609375 0.525390625 0.0234375 0.09765625
0 0.7685546875 0.529296875 0.017578125 0.10546875
