0 0.5849609375 0.748046875 0.029296875 0.20703125
0 0.470703125 0.748046875 0.0390625 0.21484375
0 0.4296875 0.740234375 0.04296875 0.18359375
0 0.33984375 0.75390625 0.0390625 0.2265625
0 0.3134765625 0.7578125 0.029296875 0.203125
0 0.130859375 0.591796875 0.03125 0.11328125
0 0.3056640625 0.53125 0.021484375 0.0859375
0 0.427734375 0.53125 0.015625 0.09375
0 0.462890625 0.521484375 0.01953125 0.10546875
0 0.4873046875 0.51953125 0.017578125 0.1015625
0 0.7412109375 0.537109375 0.017578125 0.09765625
0 0.7578125 0.517578125 0.0234375 0.09765625
