0 0.43359375 0.73828125 0.02734375 0.1953125
0 0.474609375 0.73046875 0.03515625 0.2109375
0 0.5068359375 0.728515625 0.037109375 0.17578125
0 0.58984375 0.712890625 0.046875 0.13671875
0 0.3603515625 0.740234375 0.033203125 0.22265625
0 0.3330078125 0.751953125 0.033203125 0.19921875
0 0.068359375 0.587890625 0.0234375 0.10546875
0 0.3056640625 0.533203125 0.017578125 0.08984375
0 0.423828125 0.53125 0.01953125 0.1015625
0 0.443359375 0.529296875 0.015625 0.10546875
0 0.462890625 0.525390625 0.015625 0.10546875
0 0.48828125 0.51953125 0.015625 0.109375
0 0.6796875 0.52734375 0.01953125 0.0859375
0 0.724609375 0.525390625 0.0234375 0.09765625
0 0.748046875 0.509765625 0.01953125 0.09765625
0 0.6513671875 0.509765625 0.017578125 0.07421875
