0 0.35546875 0.75 0.0390625 0.203125
0 0.3984375 0.748046875 0.05078125 0.22265625
0 0.447265625 0.74609375 0.03125 0.1875
0 0.4775390625 0.732421875 0.041015625 0.20703125
0 0.5966796875 0.70703125 0.033203125 0.140625
0 0.03125 0.59375 0.02734375 0.109375
0 0.3056640625 0.53125 0.017578125 0.0859375
0 0.4140625 0.529296875 0.01953125 0.09765625
0 0.439453125 0.52734375 0.015625 0.1015625
0 0.4580078125 0.529296875 0.013671875 0.10546875
0 0.4814453125 0.525390625 0.021484375 0.10546875
0 0.5625 0.548828125 0.02734375 0.08984375
0 0.5947265625 0.537109375 0.013671875 0.08203125
0 0.6396484375 0.515625 0.013671875 0.078125
0 0.6630859375 0.51953125 0.013671875 0.09375
0 0.708984375 0.521484375 0.01953125 0.10546875
0 0.748046875 0.51171875 0.015625 0.1015625
