0 0.4150390625 0.75 0.029296875 0.2265625
0 0.44140625 0.75390625 0.03125 0.1875
0 0.474609375 0.73828125 0.03125 0.2109375
0 0.3662109375 0.751953125 0.025390625 0.20703125
0 0.6826171875 0.744140625 0.041015625 0.19140625
0 0.5966796875 0.71484375 0.029296875 0.1328125
0 0.3046875 0.54296875 0.015625 0.09375
0 0.4150390625 0.53515625 0.017578125 0.1015625
0 0.443359375 0.53515625 0.015625 0.1015625
0 0.4599609375 0.533203125 0.013671875 0.10546875
0 0.48046875 0.53125 0.01953125 0.09375
0 0.5341796875 0.55859375 0.021484375 0.0859375
0 0.6552734375 0.53125 0.013671875 0.0859375
0 0.7060546875 0.5234375 0.017578125 0.1015625
0 0.7470703125 0.515625 0.017578125 0.109375
