0 0.3701171875 0.7578125 0.025390625 0.203125
0 0.421875 0.75 0.0234375 0.2265625
0 0.4482421875 0.7578125 0.037109375 0.1875
0 0.4833984375 0.74609375 0.037109375 0.2109375
0 0.68359375 0.74609375 0.04296875 0.203125
0 0.4990234375 0.55859375 0.017578125 0.0859375
0 0.4775390625 0.53125 0.017578125 0.1015625
0 0.4609375 0.529296875 0.015625 0.11328125
0 0.439453125 0.53515625 0.01953125 0.1015625
0 0.4140625 0.533203125 0.01953125 0.09765625
0 0.3056640625 0.541015625 0.013671875 0.08203125
0 0.7431640625 0.51953125 0.021484375 0.1015625
