0 0.3701171875 0.759765625 0.025390625 0.19921875
0 0.4306640625 0.751953125 0.029296875 0.23046875
0 0.466796875 0.7578125 0.0390625 0.1953125
0 0.5087890625 0.755859375 0.044921875 0.20703125
0 0.685546875 0.73828125 0.05078125 0.2109375
0 0.4599609375 0.52734375 0.013671875 0.09375
0 0.439453125 0.53515625 0.01171875 0.09375
0 0.4130859375 0.53515625 0.017578125 0.09375
0 0.306640625 0.541015625 0.015625 0.08984375
0 0.46875 0.560546875 0.01953125 0.08984375
0 0.685546875 0.53125 0.0234375 0.09375
0 0.74609375 0.521484375 0.01953125 0.10546875
