0 0.3701171875 0.7578125 0.025390625 0.203125
0 0.4345703125 0.751953125 0.029296875 0.22265625
0 0.5107421875 0.77734375 0.048828125 0.1953125
0 0.525390625 0.734375 0.04296875 0.1796875
0 0.599609375 0.71484375 0.02734375 0.1328125
0 0.4052734375 0.556640625 0.029296875 0.10546875
0 0.3076171875 0.541015625 0.013671875 0.08984375
0 0.439453125 0.533203125 0.015625 0.10546875
0 0.4599609375 0.53515625 0.017578125 0.109375
0 0.4814453125 0.53515625 0.017578125 0.1015625
0 0.673828125 0.53515625 0.01953125 0.0859375
0 0.75 0.5234375 0.01953125 0.109375
