0 0.2216796875 0.810546875 0.037109375 0.19140625
0 0.4091796875 0.765625 0.052734375 0.2265625
0 0.466796875 0.751953125 0.03125 0.19921875
0 0.5400390625 0.765625 0.037109375 0.2265625
0 0.611328125 0.759765625 0.03515625 0.20703125
0 0.494140625 0.53515625 0.01953125 0.109375
0 0.5146484375 0.533203125 0.021484375 0.10546875
0 0.4482421875 0.5390625 0.017578125 0.09375
0 0.4775390625 0.541015625 0.021484375 0.10546875
0 0.345703125 0.54296875 0.015625 0.09375
0 0.7822265625 0.521484375 0.017578125 0.11328125
