0 0.2451171875 0.818359375 0.056640625 0.19140625
0 0.4599609375 0.767578125 0.029296875 0.23046875
0 0.482421875 0.763671875 0.0234375 0.19921875
0 0.515625 0.759765625 0.04296875 0.21484375
0 0.6025390625 0.7734375 0.037109375 0.234375
0 0.666015625 0.763671875 0.03515625 0.20703125
0 0.5654296875 0.5390625 0.021484375 0.1015625
0 0.5849609375 0.53515625 0.017578125 0.1015625
0 0.5458984375 0.537109375 0.017578125 0.09765625
0 0.5146484375 0.54296875 0.017578125 0.09375
0 0.3125 0.576171875 0.01953125 0.10546875
0 0.4169921875 0.546875 0.017578125 0.09375
0 0.8515625 0.52734375 0.01953125 0.0859375
