0 0.2333984375 0.818359375 0.072265625 0.18359375
0 0.44921875 0.7734375 0.0390625 0.234375
0 0.486328125 0.76171875 0.03125 0.1953125
0 0.5244140625 0.7578125 0.041015625 0.1953125
0 0.5908203125 0.77734375 0.048828125 0.2265625
0 0.6572265625 0.763671875 0.041015625 0.20703125
0 0.5693359375 0.541015625 0.017578125 0.10546875
0 0.591796875 0.5390625 0.015625 0.09375
0 0.5498046875 0.544921875 0.021484375 0.09765625
0 0.517578125 0.54296875 0.01953125 0.09375
0 0.421875 0.55078125 0.015625 0.0859375
0 0.2841796875 0.57421875 0.021484375 0.109375
0 0.8583984375 0.521484375 0.013671875 0.09765625
