0 0.28515625 0.77734375 0.07421875 0.171875
0 0.416015625 0.7734375 0.04296875 0.2265625
0 0.5234375 0.78125 0.03125 0.2265625
0 0.5498046875 0.759765625 0.029296875 0.21484375
0 0.5703125 0.765625 0.0390625 0.2109375
0 0.6572265625 0.771484375 0.041015625 0.19921875
0 0.1513671875 0.591796875 0.017578125 0.10546875
0 0.4189453125 0.548828125 0.017578125 0.09765625
0 0.517578125 0.541015625 0.015625 0.08984375
0 0.5498046875 0.544921875 0.017578125 0.09765625
0 0.5703125 0.5390625 0.015625 0.1015625
0 0.58984375 0.533203125 0.015625 0.10546875
0 0.8583984375 0.52734375 0.021484375 0.109375
