0 0.3037109375 0.779296875 0.041015625 0.18359375
0 0.4189453125 0.76953125 0.044921875 0.21875
0 0.525390625 0.775390625 0.05078125 0.22265625
0 0.57421875 0.765625 0.0390625 0.21875
0 0.6630859375 0.775390625 0.044921875 0.20703125
0 0.568359375 0.53515625 0.015625 0.109375
0 0.5888671875 0.53515625 0.017578125 0.09375
0 0.546875 0.541015625 0.01953125 0.08984375
0 0.5185546875 0.544921875 0.017578125 0.08203125
0 0.421875 0.55078125 0.015625 0.1015625
0 0.30859375 0.556640625 0.01953125 0.08984375
0 0.119140625 0.58984375 0.01953125 0.109375
0 0.859375 0.529296875 0.01953125 0.11328125
