0 0.423828125 0.744140625 0.0546875 0.23828125
0 0.5849609375 0.7734375 0.052734375 0.21875
0 0.609375 0.751953125 0.02734375 0.19921875
0 0.6728515625 0.775390625 0.037109375 0.19921875
0 0.576171875 0.541015625 0.015625 0.11328125
0 0.587890625 0.541015625 0.015625 0.09765625
0 0.4296875 0.55078125 0.01953125 0.109375
0 0.2978515625 0.556640625 0.021484375 0.09765625
0 0.51953125 0.544921875 0.015625 0.09765625
0 0.55078125 0.54296875 0.01953125 0.1015625
0 0.8583984375 0.5234375 0.017578125 0.109375
