0 0.3896484375 0.7578125 0.037109375 0.2109375
0 0.4375 0.779296875 0.078125 0.16796875
0 0.58984375 0.771484375 0.03515625 0.20703125
0 0.6103515625 0.765625 0.033203125 0.21875
0 0.65625 0.759765625 0.02734375 0.19921875
0 0.6767578125 0.7578125 0.033203125 0.2109375
0 0.5908203125 0.541015625 0.017578125 0.10546875
0 0.548828125 0.541015625 0.01953125 0.10546875
0 0.5185546875 0.54296875 0.017578125 0.0859375
0 0.43359375 0.552734375 0.01953125 0.10546875
0 0.642578125 0.556640625 0.01953125 0.07421875
