0 0.37109375 0.76171875 0.03515625 0.21875
0 0.4033203125 0.79296875 0.044921875 0.1328125
0 0.57421875 0.771484375 0.04296875 0.21484375
0 0.60546875 0.75390625 0.02734375 0.1953125
0 0.6416015625 0.7578125 0.048828125 0.203125
0 0.6787109375 0.771484375 0.037109375 0.23046875
0 0.85546875 0.5234375 0.01953125 0.109375
0 0.5888671875 0.537109375 0.017578125 0.09765625
0 0.5751953125 0.544921875 0.021484375 0.09765625
0 0.517578125 0.546875 0.01953125 0.0859375
0 0.5498046875 0.54296875 0.017578125 0.1015625
0 0.4384765625 0.55078125 0.021484375 0.109375
0 0.29296875 0.55859375 0.01953125 0.1015625
