0 0.3916015625 0.71875 0.052734375 0.15625
0 0.4560546875 0.712890625 0.041015625 0.21484375
0 0.5986328125 0.71484375 0.029296875 0.2265625
0 0.619140625 0.705078125 0.0234375 0.19921875
0 0.66796875 0.73046875 0.04296875 0.1953125
0 0.697265625 0.70703125 0.03125 0.2109375
0 0.8662109375 0.48046875 0.017578125 0.109375
0 0.5966796875 0.49609375 0.017578125 0.109375
0 0.5556640625 0.5 0.021484375 0.1015625
0 0.5283203125 0.48828125 0.017578125 0.1015625
0 0.443359375 0.5078125 0.01953125 0.109375
