0 0.4775390625 0.376953125 0.048828125 0.17578125
0 0.5224609375 0.384765625 0.052734375 0.12890625
0 0.6240234375 0.35546875 0.017578125 0.1953125
0 0.64453125 0.361328125 0.02734375 0.21484375
0 0.71875 0.369140625 0.02734375 0.21484375
0 0.6123046875 0.138671875 0.017578125 0.09765625
0 0.5732421875 0.1484375 0.017578125 0.09375
0 0.5498046875 0.134765625 0.017578125 0.08203125
0 0.4609375 0.154296875 0.015625 0.09765625
0 0.8017578125 0.1640625 0.025390625 0.1015625
0 0.880859375 0.130859375 0.01953125 0.09765625
