0 0.3037109375 0.587890625 0.060546875 0.34765625
0 0.2001953125 0.369140625 0.041015625 0.21484375
0 0.427734375 0.380859375 0.0390625 0.19921875
0 0.5341796875 0.373046875 0.044921875 0.21484375
0 0.62890625 0.361328125 0.03125 0.19921875
0 0.6708984375 0.365234375 0.029296875 0.20703125
0 0.6982421875 0.37890625 0.041015625 0.2109375
0 0.6181640625 0.1796875 0.021484375 0.109375
0 0.5595703125 0.154296875 0.017578125 0.09765625
0 0.5419921875 0.150390625 0.017578125 0.08984375
0 0.4658203125 0.16796875 0.017578125 0.109375
0 0.880859375 0.1328125 0.015625 0.109375
