0 0.298828125 0.36328125 0.04296875 0.21875
0 0.396484375 0.392578125 0.04296875 0.19921875
0 0.4716796875 0.416015625 0.048828125 0.21484375
0 0.544921875 0.380859375 0.04296875 0.18359375
0 0.6650390625 0.361328125 0.048828125 0.19921875
0 0.8837890625 0.61328125 0.087890625 0.3671875
0 0.8623046875 0.1640625 0.021484375 0.0859375
0 0.6044921875 0.146484375 0.021484375 0.10546875
0 0.5390625 0.15234375 0.01953125 0.09375
0 0.447265625 0.158203125 0.015625 0.10546875
0 0.4267578125 0.181640625 0.037109375 0.10546875
