0 0.365234375 0.1796875 0.03125 0.109375
0 0.4462890625 0.15234375 0.017578125 0.09375
0 0.533203125 0.1484375 0.0234375 0.1015625
0 0.6044921875 0.13671875 0.017578125 0.1015625
0 0.83984375 0.158203125 0.01953125 0.09765625
0 0.873046875 0.126953125 0.01953125 0.10546875
0 0.681640625 0.36328125 0.03515625 0.1875
0 0.681640625 0.365234375 0.06640625 0.17578125
0 0.5341796875 0.3984375 0.044921875 0.1953125
0 0.474609375 0.412109375 0.05859375 0.19921875
0 0.4501953125 0.388671875 0.048828125 0.19921875
0 0.412109375 0.35546875 0.03515625 0.203125
