0 0.4609375 0.390625 0.0390625 0.234375
0 0.4736328125 0.357421875 0.033203125 0.22265625
0 0.5224609375 0.38671875 0.060546875 0.2109375
0 0.6416015625 0.359375 0.033203125 0.1953125
0 0.6845703125 0.3671875 0.060546875 0.203125
0 0.52734375 0.146484375 0.015625 0.09765625
0 0.5400390625 0.140625 0.013671875 0.1015625
0 0.6015625 0.1328125 0.015625 0.1015625
0 0.6142578125 0.138671875 0.013671875 0.09765625
0 0.8720703125 0.126953125 0.017578125 0.08984375
0 0.8310546875 0.15234375 0.017578125 0.09375
0 0.33203125 0.1796875 0.03515625 0.1171875
0 0.447265625 0.150390625 0.01953125 0.10546875
