0 0.4580078125 0.416015625 0.068359375 0.19921875
0 0.5087890625 0.396484375 0.041015625 0.22265625
0 0.5361328125 0.349609375 0.033203125 0.22265625
0 0.59765625 0.375 0.05859375 0.203125
0 0.5986328125 0.134765625 0.017578125 0.10546875
0 0.6142578125 0.134765625 0.017578125 0.10546875
0 0.5400390625 0.142578125 0.017578125 0.10546875
0 0.525390625 0.142578125 0.01953125 0.10546875
0 0.2646484375 0.185546875 0.025390625 0.11328125
0 0.4443359375 0.150390625 0.017578125 0.10546875
0 0.869140625 0.119140625 0.01953125 0.10546875
0 0.8037109375 0.154296875 0.021484375 0.09765625
