0 0.556640625 0.373046875 0.05859375 0.19921875
0 0.5986328125 0.375 0.068359375 0.25
0 0.6005859375 0.279296875 0.037109375 0.08984375
0 0.642578125 0.376953125 0.046875 0.20703125
0 0.6669921875 0.361328125 0.033203125 0.19921875
0 0.1728515625 0.197265625 0.029296875 0.12109375
0 0.44140625 0.150390625 0.01953125 0.10546875
0 0.5205078125 0.142578125 0.017578125 0.10546875
0 0.541015625 0.140625 0.01953125 0.1015625
0 0.5966796875 0.13671875 0.017578125 0.1015625
0 0.8642578125 0.11328125 0.017578125 0.109375
0 0.611328125 0.1328125 0.015625 0.1015625
