0 0.11328125 0.1953125 0.015625 0.09375
0 0.4375 0.146484375 0.01953125 0.10546875
0 0.517578125 0.138671875 0.01953125 0.09765625
0 0.5419921875 0.138671875 0.017578125 0.08984375
0 0.5849609375 0.34375 0.029296875 0.21875
0 0.6015625 0.369140625 0.04296875 0.18359375
0 0.640625 0.326171875 0.0234375 0.15234375
0 0.6630859375 0.36328125 0.052734375 0.2421875
0 0.701171875 0.328125 0.04296875 0.203125
0 0.5908203125 0.12890625 0.013671875 0.1015625
0 0.6064453125 0.13671875 0.013671875 0.09375
0 0.8623046875 0.1171875 0.017578125 0.1015625
