0 0.373046875 0.13671875 0.015625 0.09375
0 0.4609375 0.33984375 0.0390625 0.21875
0 0.552734375 0.353515625 0.03515625 0.19921875
0 0.5908203125 0.3515625 0.041015625 0.21875
0 0.669921875 0.35546875 0.05078125 0.203125
0 0.78125 0.32421875 0.05859375 0.2109375
0 0.5048828125 0.12890625 0.017578125 0.1015625
0 0.5263671875 0.130859375 0.017578125 0.10546875
0 0.5615234375 0.12109375 0.013671875 0.109375
0 0.591796875 0.158203125 0.02734375 0.09765625
0 0.8173828125 0.119140625 0.017578125 0.08984375
