0 0.4970703125 0.345703125 0.037109375 0.21484375
0 0.2587890625 0.498046875 0.068359375 0.27734375
0 0.55859375 0.36328125 0.0546875 0.1875
0 0.5986328125 0.341796875 0.041015625 0.18359375
0 0.66796875 0.3515625 0.046875 0.1953125
0 0.5625 0.12109375 0.015625 0.1015625
0 0.5205078125 0.162109375 0.025390625 0.08984375
0 0.5048828125 0.125 0.013671875 0.09375
0 0.3330078125 0.14453125 0.021484375 0.1015625
0 0.6689453125 0.134765625 0.017578125 0.06640625
0 0.580078125 0.126953125 0.015625 0.09765625
