0 0.3466796875 0.50390625 0.072265625 0.2890625
0 0.4912109375 0.3359375 0.033203125 0.21875
0 0.5439453125 0.357421875 0.048828125 0.19140625
0 0.57421875 0.333984375 0.0390625 0.17578125
0 0.681640625 0.32421875 0.03125 0.1328125
0 0.75390625 0.3359375 0.03125 0.1953125
0 0.50390625 0.16015625 0.01953125 0.109375
0 0.525390625 0.126953125 0.015625 0.08984375
0 0.560546875 0.12109375 0.015625 0.1015625
0 0.5791015625 0.125 0.013671875 0.1015625
0 0.32421875 0.14453125 0.015625 0.109375
0 0.6650390625 0.134765625 0.017578125 0.07421875
