0 0.2958984375 0.140625 0.021484375 0.109375
0 0.44921875 0.166015625 0.02734375 0.09765625
0 0.5048828125 0.12890625 0.017578125 0.09375
0 0.5361328125 0.123046875 0.017578125 0.10546875
0 0.560546875 0.123046875 0.015625 0.10546875
0 0.5791015625 0.126953125 0.017578125 0.09765625
0 0.6181640625 0.3359375 0.041015625 0.1796875
0 0.638671875 0.31640625 0.03515625 0.171875
0 0.748046875 0.52734375 0.08984375 0.3046875
0 0.548828125 0.333984375 0.04296875 0.19140625
0 0.5126953125 0.345703125 0.048828125 0.18359375
0 0.4970703125 0.3203125 0.033203125 0.1953125
