0 0.146484375 0.78125 0.05859375 0.3125
0 0.126953125 0.416015625 0.01953125 0.10546875
0 0.2265625 0.546875 0.0390625 0.171875
0 0.5390625 0.552734375 0.05078125 0.21484375
0 0.4736328125 0.365234375 0.021484375 0.10546875
0 0.58203125 0.560546875 0.04296875 0.20703125
0 0.6201171875 0.55859375 0.037109375 0.203125
0 0.7587890625 0.595703125 0.052734375 0.21484375
0 0.8720703125 0.5625 0.072265625 0.1640625
0 0.8779296875 0.712890625 0.064453125 0.26953125
0 0.96875 0.59765625 0.0546875 0.2578125
