0 0.5146484375 0.619140625 0.076171875 0.50390625
0 0.587890625 0.634765625 0.0703125 0.47265625
0 0.6318359375 0.609375 0.048828125 0.375
0 0.6669921875 0.5390625 0.029296875 0.171875
0 0.41015625 0.53515625 0.04296875 0.21875
0 0.4580078125 0.478515625 0.025390625 0.12890625
0 0.2744140625 0.453125 0.033203125 0.1171875
0 0.314453125 0.48828125 0.02734375 0.140625
0 0.185546875 0.482421875 0.04296875 0.23046875
0 0.1015625 0.564453125 0.07421875 0.36328125
0 0.337890625 0.458984375 0.0234375 0.15234375
1 0.2880859375 0.572265625 0.154296875 0.16796875
