0 0.25 0.650390625 0.1015625 0.51171875
0 0.0791015625 0.564453125 0.076171875 0.37890625
0 0.1865234375 0.490234375 0.041015625 0.23828125
0 0.384765625 0.537109375 0.04296875 0.23046875
0 0.353515625 0.47265625 0.03515625 0.140625
0 0.3154296875 0.484375 0.025390625 0.109375
0 0.3193359375 0.43359375 0.025390625 0.09375
0 0.546875 0.607421875 0.07421875 0.44140625
0 0.6162109375 0.61328125 0.083984375 0.4296875
0 0.46484375 0.466796875 0.02734375 0.12109375
0 0.4951171875 0.46484375 0.021484375 0.125
0 0.654296875 0.47265625 0.01953125 0.1171875
1 0.330078125 0.595703125 0.06640625 0.10546875
