0 0.5771484375 0.599609375 0.068359375 0.41015625
0 0.6376953125 0.607421875 0.064453125 0.40234375
0 0.6708984375 0.48046875 0.021484375 0.1171875
0 0.52734375 0.5234375 0.03125 0.15625
0 0.478515625 0.470703125 0.02734375 0.11328125
0 0.5029296875 0.498046875 0.029296875 0.13671875
0 0.3740234375 0.619140625 0.072265625 0.33203125
0 0.40625 0.490234375 0.04296875 0.19921875
0 0.3154296875 0.478515625 0.025390625 0.09765625
0 0.3173828125 0.427734375 0.025390625 0.08203125
1 0.283203125 0.576171875 0.10546875 0.17578125
0 0.1962890625 0.626953125 0.087890625 0.55859375
0 0.064453125 0.5703125 0.078125 0.3828125
0 0.0146484375 0.482421875 0.025390625 0.19921875
0 0.1650390625 0.451171875 0.037109375 0.17578125
