0 0.3291015625 0.638671875 0.130859375 0.53515625
0 0.4072265625 0.578125 0.068359375 0.3046875
0 0.58984375 0.59765625 0.0703125 0.3984375
0 0.6494140625 0.609375 0.060546875 0.375
0 0.51171875 0.51171875 0.03515625 0.171875
0 0.4853515625 0.470703125 0.025390625 0.11328125
0 0.3046875 0.43359375 0.02734375 0.1015625
0 0.1435546875 0.486328125 0.044921875 0.26171875
0 0.044921875 0.576171875 0.078125 0.39453125
0 0.6826171875 0.482421875 0.025390625 0.11328125
0 0.54296875 0.484375 0.0234375 0.109375
