0 0.3828125 0.63671875 0.08203125 0.5390625
0 0.4345703125 0.576171875 0.044921875 0.29296875
0 0.59765625 0.59375 0.0625 0.3828125
0 0.6552734375 0.611328125 0.068359375 0.37890625
0 0.50390625 0.5078125 0.0390625 0.171875
0 0.486328125 0.470703125 0.02734375 0.11328125
0 0.544921875 0.484375 0.01953125 0.1171875
0 0.560546875 0.486328125 0.01953125 0.12109375
0 0.3349609375 0.533203125 0.044921875 0.25390625
0 0.296875 0.431640625 0.03125 0.09765625
1 0.2763671875 0.580078125 0.083984375 0.18359375
0 0.13671875 0.48828125 0.04296875 0.2578125
0 0.046875 0.576171875 0.07421875 0.39453125
