0 0.427734375 0.6328125 0.07421875 0.5234375
0 0.611328125 0.587890625 0.06640625 0.37890625
0 0.66796875 0.583984375 0.05859375 0.32421875
0 0.5048828125 0.515625 0.033203125 0.15625
0 0.388671875 0.521484375 0.05078125 0.25390625
0 0.546875 0.486328125 0.01953125 0.10546875
0 0.5615234375 0.486328125 0.017578125 0.11328125
0 0.322265625 0.537109375 0.046875 0.26953125
0 0.2900390625 0.4375 0.033203125 0.1015625
1 0.2685546875 0.578125 0.072265625 0.171875
0 0.189453125 0.466796875 0.03125 0.12109375
0 0.123046875 0.4453125 0.046875 0.1796875
0 0.04296875 0.578125 0.08203125 0.3984375
