0 0.466796875 0.638671875 0.08984375 0.50390625
0 0.62109375 0.58984375 0.0703125 0.359375
0 0.68359375 0.5625 0.0625 0.3671875
0 0.529296875 0.482421875 0.01953125 0.12109375
0 0.548828125 0.48046875 0.01953125 0.1171875
0 0.56640625 0.486328125 0.015625 0.11328125
0 0.3837890625 0.517578125 0.044921875 0.26171875
0 0.3134765625 0.5390625 0.044921875 0.2578125
0 0.21875 0.466796875 0.02734375 0.12890625
1 0.296875 0.5703125 0.12890625 0.1796875
0 0.1044921875 0.43359375 0.044921875 0.171875
0 0.033203125 0.576171875 0.0625 0.41015625
