0 0.55078125 0.634765625 0.078125 0.48046875
0 0.646484375 0.587890625 0.0625 0.35546875
0 0.708984375 0.560546875 0.06640625 0.33984375
0 0.603515625 0.46875 0.0234375 0.125
0 0.494140625 0.501953125 0.03515625 0.17578125
0 0.3642578125 0.517578125 0.052734375 0.26953125
0 0.2763671875 0.5390625 0.052734375 0.2734375
0 0.21484375 0.458984375 0.03125 0.10546875
0 0.052734375 0.484375 0.0390625 0.2734375
0 0.0205078125 0.578125 0.037109375 0.421875
0 0.158203125 0.498046875 0.0234375 0.19921875
0 0.31640625 0.47265625 0.02734375 0.1015625
1 0.294921875 0.58203125 0.140625 0.1484375
