0 0.2529296875 0.546875 0.056640625 0.28125
0 0.359375 0.517578125 0.04296875 0.26953125
0 0.28125 0.4296875 0.0390625 0.1015625
0 0.4970703125 0.513671875 0.029296875 0.15234375
0 0.560546875 0.634765625 0.0703125 0.45703125
0 0.6533203125 0.587890625 0.068359375 0.35546875
0 0.712890625 0.55078125 0.05859375 0.34375
0 0.611328125 0.47265625 0.0234375 0.125
0 0.1875 0.451171875 0.03125 0.08984375
1 0.3125 0.576171875 0.06640625 0.14453125
0 0.0439453125 0.484375 0.037109375 0.2734375
0 0.017578125 0.580078125 0.03125 0.42578125
