0 0.578125 0.623046875 0.07421875 0.45703125
0 0.6806640625 0.591796875 0.056640625 0.33203125
0 0.7373046875 0.556640625 0.052734375 0.33203125
0 0.6591796875 0.5546875 0.037109375 0.2734375
0 0.4970703125 0.513671875 0.029296875 0.15234375
0 0.4775390625 0.4765625 0.021484375 0.140625
0 0.533203125 0.453125 0.01953125 0.109375
0 0.34375 0.521484375 0.046875 0.27734375
0 0.3818359375 0.51953125 0.037109375 0.2265625
0 0.2451171875 0.46484375 0.037109375 0.1328125
0 0.146484375 0.515625 0.07421875 0.28125
0 0.0263671875 0.486328125 0.041015625 0.27734375
1 0.2783203125 0.587890625 0.115234375 0.15234375
