0 0.5771484375 0.62109375 0.068359375 0.4296875
0 0.66015625 0.5703125 0.03515625 0.2578125
0 0.6982421875 0.5546875 0.048828125 0.3203125
0 0.5 0.51171875 0.03125 0.1484375
0 0.4716796875 0.48046875 0.025390625 0.140625
0 0.544921875 0.45703125 0.02734375 0.1015625
0 0.62890625 0.486328125 0.02734375 0.11328125
0 0.3994140625 0.51953125 0.037109375 0.21875
0 0.333984375 0.51953125 0.046875 0.28125
0 0.267578125 0.451171875 0.03125 0.09765625
0 0.111328125 0.505859375 0.06640625 0.30078125
0 0.03125 0.49609375 0.046875 0.28125
1 0.2724609375 0.578125 0.115234375 0.15625
