0 0.451171875 0.521484375 0.05078125 0.23046875
0 0.5029296875 0.509765625 0.033203125 0.15234375
0 0.58984375 0.6171875 0.06640625 0.4296875
0 0.66796875 0.5703125 0.05859375 0.25
0 0.73828125 0.552734375 0.046875 0.30078125
0 0.6171875 0.443359375 0.01953125 0.08203125
0 0.5537109375 0.4921875 0.021484375 0.1328125
0 0.369140625 0.51953125 0.03515625 0.21875
0 0.3251953125 0.51953125 0.052734375 0.28125
0 0.2939453125 0.43359375 0.029296875 0.1015625
1 0.2978515625 0.576171875 0.134765625 0.16796875
0 0.0634765625 0.505859375 0.060546875 0.31640625
