0 0.65234375 0.47265625 0.02734375 0.0859375
0 0.673828125 0.5703125 0.046875 0.25
0 0.6025390625 0.6171875 0.064453125 0.40625
0 0.5 0.5234375 0.0390625 0.2265625
0 0.41015625 0.517578125 0.03515625 0.20703125
0 0.5419921875 0.494140625 0.021484375 0.12890625
0 0.5615234375 0.4765625 0.021484375 0.109375
0 0.3056640625 0.525390625 0.048828125 0.29296875
0 0.3525390625 0.4765625 0.033203125 0.140625
1 0.30078125 0.576171875 0.13671875 0.16015625
0 0.107421875 0.505859375 0.06640625 0.29296875
0 0.0263671875 0.509765625 0.048828125 0.33984375
0 0.478515625 0.482421875 0.02734375 0.13671875
