0 0.607421875 0.61328125 0.06640625 0.40625
0 0.671875 0.55859375 0.05078125 0.2421875
0 0.513671875 0.5234375 0.046875 0.2265625
0 0.4326171875 0.517578125 0.048828125 0.22265625
0 0.478515625 0.482421875 0.0234375 0.11328125
0 0.3720703125 0.513671875 0.044921875 0.20703125
0 0.330078125 0.4453125 0.03515625 0.1171875
0 0.298828125 0.525390625 0.05859375 0.29296875
0 0.1572265625 0.515625 0.064453125 0.2890625
1 0.2890625 0.5859375 0.15234375 0.171875
0 0.5595703125 0.4765625 0.025390625 0.109375
