0 0.2880859375 0.521484375 0.056640625 0.30078125
0 0.337890625 0.4296875 0.04296875 0.1015625
0 0.3818359375 0.517578125 0.044921875 0.20703125
0 0.4580078125 0.521484375 0.044921875 0.21484375
0 0.60546875 0.607421875 0.0625 0.39453125
0 0.6728515625 0.560546875 0.048828125 0.23828125
0 0.5322265625 0.52734375 0.041015625 0.21875
0 0.482421875 0.46484375 0.0234375 0.125
0 0.5634765625 0.47265625 0.021484375 0.1015625
0 0.638671875 0.462890625 0.0234375 0.09765625
1 0.2939453125 0.587890625 0.142578125 0.14453125
0 0.2109375 0.546875 0.05859375 0.2890625
