0 0.1142578125 0.615234375 0.177734375 0.69140625
0 0.0185546875 0.5 0.033203125 0.203125
0 0.265625 0.525390625 0.0546875 0.30859375
0 0.1689453125 0.498046875 0.029296875 0.18359375
0 0.30859375 0.55078125 0.04296875 0.296875
0 0.34765625 0.435546875 0.0390625 0.08984375
1 0.2919921875 0.58984375 0.146484375 0.140625
0 0.419921875 0.513671875 0.04296875 0.20703125
0 0.49609375 0.521484375 0.04296875 0.21484375
0 0.55859375 0.5234375 0.04296875 0.21875
0 0.603515625 0.609375 0.05859375 0.375
0 0.6630859375 0.55078125 0.052734375 0.2421875
0 0.525390625 0.421875 0.015625 0.0546875
0 0.5478515625 0.412109375 0.017578125 0.06640625
