0 0.4990234375 0.61328125 0.123046875 0.53125
0 0.662109375 0.59375 0.0625 0.3125
0 0.705078125 0.5703125 0.04296875 0.28125
0 0.6279296875 0.533203125 0.033203125 0.19140625
0 0.58984375 0.466796875 0.02734375 0.12109375
0 0.5712890625 0.453125 0.021484375 0.1015625
0 0.4140625 0.529296875 0.04296875 0.23046875
0 0.3486328125 0.482421875 0.041015625 0.12890625
0 0.3583984375 0.435546875 0.033203125 0.10546875
0 0.275390625 0.4453125 0.03515625 0.1015625
0 0.248046875 0.47265625 0.03125 0.09375
0 0.0908203125 0.48828125 0.064453125 0.3359375
1 0.30078125 0.576171875 0.13671875 0.15234375
