0 0.056640625 0.634765625 0.109375 0.71484375
0 0.1591796875 0.51171875 0.029296875 0.15625
0 0.2734375 0.455078125 0.03125 0.09765625
0 0.3515625 0.486328125 0.03515625 0.12890625
0 0.43359375 0.529296875 0.04296875 0.23828125
0 0.5146484375 0.619140625 0.103515625 0.51953125
0 0.6533203125 0.544921875 0.033203125 0.19921875
0 0.6787109375 0.583984375 0.072265625 0.30859375
0 0.7236328125 0.564453125 0.041015625 0.27734375
0 0.63671875 0.533203125 0.03515625 0.19921875
1 0.296875 0.5859375 0.12890625 0.171875
0 0.591796875 0.474609375 0.01953125 0.12109375
0 0.5751953125 0.45703125 0.013671875 0.109375
0 0.6181640625 0.44140625 0.017578125 0.09375
