0 0.5439453125 0.658203125 0.107421875 0.51953125
0 0.6005859375 0.576171875 0.060546875 0.37890625
0 0.6611328125 0.537109375 0.025390625 0.16015625
0 0.685546875 0.52734375 0.02734375 0.171875
0 0.458984375 0.517578125 0.0390625 0.18359375
0 0.4111328125 0.4921875 0.041015625 0.140625
0 0.216796875 0.482421875 0.03125 0.10546875
0 0.1845703125 0.4609375 0.025390625 0.078125
1 0.30078125 0.568359375 0.13671875 0.19140625
0 0.4951171875 0.4765625 0.033203125 0.140625
0 0.615234375 0.4140625 0.015625 0.078125
