0 0.564453125 0.65234375 0.07421875 0.4609375
0 0.6181640625 0.568359375 0.056640625 0.33984375
0 0.66015625 0.525390625 0.02734375 0.17578125
0 0.6845703125 0.517578125 0.029296875 0.19140625
0 0.5 0.486328125 0.0390625 0.10546875
1 0.5009765625 0.564453125 0.037109375 0.11328125
0 0.40234375 0.478515625 0.0234375 0.15234375
0 0.416015625 0.4921875 0.02734375 0.1484375
0 0.4404296875 0.517578125 0.037109375 0.19140625
1 0.298828125 0.572265625 0.13671875 0.17578125
0 0.2353515625 0.4609375 0.029296875 0.09375
