0 0.2177734375 0.462890625 0.037109375 0.13671875
1 0.2939453125 0.572265625 0.146484375 0.18359375
0 0.3916015625 0.478515625 0.033203125 0.15234375
0 0.4248046875 0.515625 0.041015625 0.1875
0 0.47265625 0.486328125 0.0390625 0.09765625
1 0.474609375 0.5703125 0.0390625 0.1328125
0 0.5068359375 0.505859375 0.029296875 0.13671875
0 0.5693359375 0.640625 0.064453125 0.4375
0 0.625 0.5859375 0.05078125 0.3359375
0 0.6572265625 0.52734375 0.025390625 0.1875
0 0.6845703125 0.525390625 0.029296875 0.18359375
