1 0.3154296875 0.634765625 0.060546875 0.21484375
0 0.3173828125 0.490234375 0.060546875 0.13671875
0 0.1748046875 0.47265625 0.041015625 0.125
0 0.4091796875 0.52734375 0.037109375 0.2109375
0 0.3662109375 0.52734375 0.029296875 0.2109375
0 0.578125 0.62109375 0.08203125 0.3671875
0 0.6357421875 0.525390625 0.037109375 0.19140625
0 0.67578125 0.533203125 0.0390625 0.18359375
0 0.51171875 0.5 0.02734375 0.1328125
0 0.5302734375 0.498046875 0.017578125 0.12109375
0 0.48046875 0.466796875 0.01953125 0.12109375
0 0.6005859375 0.416015625 0.013671875 0.06640625
