0 0.212890625 0.5078125 0.1015625 0.1796875
1 0.2001953125 0.68359375 0.076171875 0.265625
0 0.330078125 0.478515625 0.03515625 0.13671875
1 0.310546875 0.5859375 0.109375 0.1484375
0 0.388671875 0.521484375 0.03125 0.19921875
0 0.435546875 0.529296875 0.04296875 0.20703125
0 0.478515625 0.4765625 0.01953125 0.125
0 0.51171875 0.5 0.0234375 0.1328125
0 0.5751953125 0.611328125 0.076171875 0.34765625
0 0.6357421875 0.54296875 0.029296875 0.1640625
0 0.677734375 0.53125 0.03515625 0.1953125
0 0.5283203125 0.484375 0.021484375 0.0859375
