0 0.3203125 0.8984375 0.1015625 0.203125
0 0.60546875 0.654296875 0.0390625 0.17578125
0 0.6318359375 0.625 0.029296875 0.140625
0 0.6669921875 0.64453125 0.025390625 0.15625
0 0.685546875 0.64453125 0.0234375 0.140625
0 0.3798828125 0.609375 0.017578125 0.109375
0 0.2939453125 0.658203125 0.025390625 0.16796875
0 0.208984375 0.6640625 0.03515625 0.171875
0 0.1220703125 0.6640625 0.033203125 0.15625
0 0.1689453125 0.623046875 0.033203125 0.12109375
0 0.04296875 0.701171875 0.04296875 0.20703125
