0 0.44921875 0.890625 0.1015625 0.21875
0 0.6611328125 0.66015625 0.037109375 0.171875
0 0.677734375 0.625 0.0234375 0.140625
0 0.728515625 0.650390625 0.02734375 0.15234375
0 0.76171875 0.640625 0.02734375 0.1484375
0 0.4306640625 0.611328125 0.029296875 0.11328125
0 0.3681640625 0.662109375 0.025390625 0.17578125
0 0.267578125 0.66796875 0.0390625 0.1640625
0 0.1845703125 0.662109375 0.029296875 0.15234375
0 0.2177734375 0.62890625 0.033203125 0.1171875
0 0.103515625 0.701171875 0.046875 0.21484375
