0 0.6591796875 0.890625 0.095703125 0.21875
0 0.7666015625 0.666015625 0.037109375 0.18359375
0 0.84765625 0.65625 0.02734375 0.15625
0 0.900390625 0.6484375 0.03515625 0.15625
0 0.4912109375 0.666015625 0.041015625 0.17578125
0 0.5205078125 0.615234375 0.025390625 0.10546875
0 0.3583984375 0.671875 0.037109375 0.171875
0 0.2802734375 0.662109375 0.025390625 0.15234375
0 0.1982421875 0.712890625 0.060546875 0.20703125
0 0.0341796875 0.70703125 0.060546875 0.1796875
0 0.01953125 0.669921875 0.02734375 0.15234375
0 0.197265625 0.494140625 0.01953125 0.07421875
