0 0.73046875 0.8828125 0.10546875 0.234375
0 0.7880859375 0.66796875 0.037109375 0.1875
0 0.8798828125 0.6640625 0.033203125 0.15625
0 0.939453125 0.650390625 0.03125 0.15234375
0 0.52734375 0.669921875 0.03125 0.16796875
0 0.3916015625 0.669921875 0.037109375 0.16796875
0 0.30078125 0.677734375 0.02734375 0.15234375
0 0.2373046875 0.716796875 0.044921875 0.21484375
0 0.0634765625 0.708984375 0.052734375 0.19921875
0 0.041015625 0.673828125 0.02734375 0.15234375
0 0.017578125 0.67578125 0.02734375 0.15625
