0 0.5693359375 0.66015625 0.037109375 0.171875
0 0.6650390625 0.66796875 0.041015625 0.1796875
0 0.6787109375 0.626953125 0.021484375 0.12890625
0 0.9228515625 0.6640625 0.029296875 0.1640625
0 0.9521484375 0.65234375 0.029296875 0.15625
0 0.314453125 0.703125 0.046875 0.2109375
0 0.36328125 0.662109375 0.03515625 0.16015625
0 0.34765625 0.6171875 0.01953125 0.1015625
0 0.412109375 0.494140625 0.015625 0.07421875
0 0.15234375 0.671875 0.02734375 0.15625
0 0.1328125 0.62890625 0.015625 0.1171875
0 0.080078125 0.708984375 0.04296875 0.19921875
