0 0.3525390625 0.48828125 0.017578125 0.078125
0 0.3916015625 0.48828125 0.017578125 0.0703125
0 0.4755859375 0.65625 0.033203125 0.171875
0 0.5263671875 0.630859375 0.033203125 0.14453125
0 0.63671875 0.66015625 0.03515625 0.171875
0 0.787109375 0.66015625 0.04296875 0.1484375
0 0.353515625 0.654296875 0.02734375 0.16796875
0 0.259765625 0.69921875 0.0546875 0.1953125
0 0.1123046875 0.6953125 0.037109375 0.1875
0 0.138671875 0.615234375 0.02734375 0.10546875
0 0.2607421875 0.6015625 0.025390625 0.0625
0 0.0146484375 0.669921875 0.025390625 0.17578125
