0 0.0537109375 0.693359375 0.048828125 0.19921875
0 0.0263671875 0.6171875 0.021484375 0.1015625
0 0.1943359375 0.693359375 0.048828125 0.19921875
0 0.2802734375 0.654296875 0.029296875 0.16015625
0 0.267578125 0.486328125 0.015625 0.07421875
0 0.3134765625 0.486328125 0.017578125 0.07421875
0 0.38671875 0.65625 0.02734375 0.1640625
0 0.423828125 0.630859375 0.02734375 0.15234375
0 0.603515625 0.65625 0.046875 0.15625
0 0.646484375 0.650390625 0.0390625 0.15234375
0 0.6865234375 0.65234375 0.029296875 0.15625
0 0.9306640625 0.826171875 0.083984375 0.34765625
