0 0.40234375 0.751953125 0.046875 0.17578125
0 0.474609375 0.705078125 0.03125 0.19921875
0 0.4814453125 0.744140625 0.041015625 0.19921875
0 0.5234375 0.703125 0.05078125 0.1875
0 0.6142578125 0.728515625 0.041015625 0.19921875
0 0.65234375 0.724609375 0.04296875 0.19921875
0 0.66796875 0.919921875 0.0546875 0.16015625
0 0.5615234375 0.513671875 0.025390625 0.10546875
0 0.599609375 0.5078125 0.015625 0.109375
0 0.6142578125 0.50390625 0.013671875 0.1015625
0 0.8935546875 0.48828125 0.021484375 0.109375
