0 0.3759765625 0.751953125 0.052734375 0.16796875
0 0.458984375 0.748046875 0.03515625 0.20703125
0 0.4833984375 0.71484375 0.029296875 0.2265625
0 0.5498046875 0.708984375 0.037109375 0.19140625
0 0.62109375 0.7265625 0.02734375 0.2109375
0 0.640625 0.734375 0.0546875 0.1953125
0 0.7294921875 0.9296875 0.056640625 0.140625
0 0.5986328125 0.5078125 0.017578125 0.109375
0 0.6142578125 0.501953125 0.017578125 0.10546875
0 0.5625 0.513671875 0.0234375 0.09765625
0 0.8955078125 0.494140625 0.025390625 0.11328125
