0 0.45703125 0.759765625 0.0390625 0.19921875
0 0.3779296875 0.775390625 0.044921875 0.18359375
0 0.587890625 0.734375 0.03125 0.203125
0 0.6123046875 0.7421875 0.029296875 0.21875
0 0.6708984375 0.71484375 0.037109375 0.21875
0 0.7255859375 0.728515625 0.033203125 0.19921875
0 0.890625 0.490234375 0.0234375 0.10546875
0 0.61328125 0.51171875 0.01953125 0.1015625
0 0.58203125 0.51171875 0.015625 0.1171875
0 0.5673828125 0.51953125 0.017578125 0.1015625
0 0.552734375 0.515625 0.015625 0.1015625
0 0.517578125 0.49609375 0.01953125 0.109375
