0 0.44921875 0.76953125 0.06640625 0.2109375
0 0.3740234375 0.771484375 0.056640625 0.19921875
0 0.56640625 0.73046875 0.046875 0.2109375
0 0.6083984375 0.736328125 0.041015625 0.20703125
0 0.68359375 0.720703125 0.0390625 0.22265625
0 0.7236328125 0.73046875 0.033203125 0.2109375
0 0.8935546875 0.4921875 0.021484375 0.109375
0 0.61328125 0.505859375 0.01953125 0.09765625
0 0.5869140625 0.509765625 0.017578125 0.10546875
0 0.5693359375 0.51171875 0.017578125 0.09375
0 0.5517578125 0.513671875 0.021484375 0.09765625
0 0.529296875 0.513671875 0.01953125 0.09765625
