0 0.43359375 0.75390625 0.0546875 0.21875
0 0.3671875 0.765625 0.0390625 0.203125
0 0.5576171875 0.7421875 0.048828125 0.1953125
0 0.5869140625 0.7421875 0.068359375 0.2109375
0 0.6708984375 0.71875 0.037109375 0.2265625
0 0.720703125 0.734375 0.03125 0.203125
0 0.8935546875 0.48828125 0.021484375 0.109375
0 0.61328125 0.509765625 0.01953125 0.10546875
0 0.5888671875 0.509765625 0.017578125 0.10546875
0 0.568359375 0.517578125 0.01953125 0.09765625
0 0.546875 0.517578125 0.01953125 0.09765625
0 0.5263671875 0.517578125 0.017578125 0.10546875
