0 0.373046875 0.751953125 0.0390625 0.19921875
0 0.4208984375 0.751953125 0.052734375 0.21484375
0 0.5234375 0.740234375 0.0546875 0.19140625
0 0.556640625 0.736328125 0.03125 0.21484375
0 0.66015625 0.72265625 0.046875 0.21875
0 0.72265625 0.732421875 0.03125 0.20703125
0 0.6123046875 0.5078125 0.021484375 0.109375
0 0.58984375 0.509765625 0.01953125 0.10546875
0 0.5703125 0.51171875 0.01953125 0.109375
0 0.5439453125 0.515625 0.017578125 0.1015625
0 0.517578125 0.51171875 0.01953125 0.109375
0 0.8935546875 0.4921875 0.017578125 0.109375
