0 0.384765625 0.751953125 0.046875 0.20703125
0 0.43359375 0.748046875 0.05078125 0.20703125
0 0.509765625 0.736328125 0.0390625 0.16796875
0 0.548828125 0.71875 0.03515625 0.21875
0 0.6474609375 0.71875 0.033203125 0.21875
0 0.72265625 0.734375 0.03515625 0.203125
0 0.591796875 0.509765625 0.01953125 0.10546875
0 0.568359375 0.513671875 0.01953125 0.09765625
0 0.6142578125 0.50390625 0.017578125 0.1015625
0 0.5419921875 0.51171875 0.025390625 0.1015625
0 0.5068359375 0.51171875 0.017578125 0.1015625
0 0.8916015625 0.486328125 0.017578125 0.10546875
