0 0.70703125 0.734375 0.03515625 0.203125
0 0.5400390625 0.720703125 0.048828125 0.21484375
0 0.6474609375 0.720703125 0.037109375 0.22265625
0 0.5146484375 0.71484375 0.029296875 0.203125
0 0.4931640625 0.740234375 0.048828125 0.20703125
0 0.4560546875 0.75 0.037109375 0.1875
0 0.548828125 0.51171875 0.01953125 0.1015625
0 0.568359375 0.51171875 0.015625 0.1015625
0 0.599609375 0.5078125 0.015625 0.109375
0 0.6142578125 0.5078125 0.017578125 0.109375
0 0.8916015625 0.490234375 0.021484375 0.10546875
