0 0.5224609375 0.75390625 0.044921875 0.2109375
0 0.5673828125 0.73828125 0.041015625 0.2109375
0 0.615234375 0.7265625 0.03125 0.21875
0 0.6904296875 0.73046875 0.060546875 0.234375
0 0.8154296875 0.736328125 0.029296875 0.17578125
0 0.8671875 0.51171875 0.0234375 0.1015625
0 0.6171875 0.5078125 0.015625 0.09375
0 0.6044921875 0.50390625 0.013671875 0.109375
0 0.5693359375 0.513671875 0.017578125 0.09765625
0 0.58984375 0.5078125 0.015625 0.1015625
0 0.8935546875 0.4921875 0.017578125 0.1015625
