0 0.337890625 0.689453125 0.03125 0.23828125
0 0.302734375 0.689453125 0.03125 0.20703125
0 0.72265625 0.720703125 0.0703125 0.21484375
0 0.6337890625 0.455078125 0.017578125 0.08203125
0 0.373046875 0.45703125 0.01953125 0.109375
0 0.1103515625 0.708984375 0.029296875 0.21484375
0 0.095703125 0.685546875 0.03125 0.20703125
0 0.0322265625 0.748046875 0.060546875 0.23046875
0 0.0478515625 0.48046875 0.017578125 0.09375
0 0.0751953125 0.474609375 0.017578125 0.10546875
0 0.0966796875 0.47265625 0.013671875 0.1015625
