0 0.107421875 0.478515625 0.01953125 0.09765625
0 0.1416015625 0.4765625 0.013671875 0.1015625
0 0.1611328125 0.4765625 0.017578125 0.09375
0 0.2783203125 0.498046875 0.013671875 0.09765625
0 0.435546875 0.45703125 0.01953125 0.109375
0 0.4326171875 0.677734375 0.025390625 0.20703125
0 0.4599609375 0.6953125 0.033203125 0.234375
0 0.701171875 0.6953125 0.0390625 0.203125
0 0.673828125 0.458984375 0.01953125 0.08984375
0 0.65625 0.4609375 0.015625 0.09375
0 0.1767578125 0.703125 0.029296875 0.2109375
0 0.19921875 0.67578125 0.04296875 0.2109375
0 0.060546875 0.7421875 0.0390625 0.21875
