0 0.2001953125 0.6875 0.044921875 0.234375
0 0.0888671875 0.736328125 0.037109375 0.20703125
0 0.6845703125 0.69140625 0.044921875 0.1953125
0 0.484375 0.697265625 0.0390625 0.23046875
0 0.2890625 0.501953125 0.01953125 0.10546875
0 0.45703125 0.466796875 0.015625 0.09765625
0 0.6806640625 0.4609375 0.017578125 0.0859375
0 0.6650390625 0.453125 0.013671875 0.09375
0 0.130859375 0.48828125 0.01953125 0.109375
0 0.162109375 0.48046875 0.015625 0.1015625
0 0.181640625 0.478515625 0.015625 0.09765625
