0 0.314453125 0.869140625 0.04296875 0.26171875
0 0.3134765625 0.697265625 0.037109375 0.16015625
0 0.388671875 0.703125 0.04296875 0.1953125
0 0.4130859375 0.67578125 0.025390625 0.203125
0 0.44140625 0.5078125 0.01953125 0.09375
0 0.384765625 0.482421875 0.01953125 0.10546875
0 0.3662109375 0.482421875 0.017578125 0.09765625
0 0.3388671875 0.48828125 0.017578125 0.09375
0 0.6494140625 0.671875 0.048828125 0.203125
0 0.6923828125 0.697265625 0.037109375 0.23046875
0 0.7216796875 0.693359375 0.029296875 0.19921875
0 0.6591796875 0.462890625 0.021484375 0.10546875
0 0.958984375 0.458984375 0.015625 0.09765625
