0 0.359375 0.71484375 0.03515625 0.1953125
0 0.4326171875 0.8671875 0.056640625 0.265625
0 0.421875 0.703125 0.046875 0.203125
0 0.4658203125 0.673828125 0.037109375 0.19921875
0 0.6689453125 0.673828125 0.060546875 0.19921875
0 0.7314453125 0.697265625 0.037109375 0.23046875
0 0.47265625 0.513671875 0.0234375 0.10546875
0 0.431640625 0.482421875 0.01953125 0.10546875
0 0.4111328125 0.484375 0.017578125 0.09375
0 0.3837890625 0.4921875 0.017578125 0.09375
0 0.26171875 0.494140625 0.01953125 0.10546875
0 0.705078125 0.462890625 0.01953125 0.10546875
0 0.8642578125 0.474609375 0.017578125 0.08984375
