0 0.462890625 0.7109375 0.03515625 0.1875
0 0.4931640625 0.705078125 0.029296875 0.21484375
0 0.61328125 0.6796875 0.0390625 0.1953125
0 0.8173828125 0.697265625 0.033203125 0.20703125
0 0.8251953125 0.873046875 0.083984375 0.25390625
0 0.8681640625 0.701171875 0.037109375 0.22265625
0 0.8623046875 0.474609375 0.025390625 0.10546875
0 0.5361328125 0.4921875 0.017578125 0.1015625
0 0.56640625 0.486328125 0.01953125 0.11328125
0 0.583984375 0.501953125 0.01953125 0.13671875
0 0.90625 0.4609375 0.0234375 0.125
