0 0.544921875 0.681640625 0.03515625 0.19921875
0 0.5078125 0.6796875 0.03515625 0.1875
0 0.369140625 0.708984375 0.06640625 0.19921875
0 0.4521484375 0.517578125 0.029296875 0.12890625
0 0.4794921875 0.494140625 0.017578125 0.10546875
0 0.4990234375 0.494140625 0.017578125 0.10546875
0 0.515625 0.490234375 0.015625 0.11328125
0 0.703125 0.708984375 0.03125 0.19921875
0 0.7587890625 0.69921875 0.037109375 0.21875
0 0.7724609375 0.474609375 0.021484375 0.09765625
0 0.8095703125 0.47265625 0.021484375 0.109375
