0 0.59375 0.705078125 0.03125 0.19921875
0 0.634765625 0.685546875 0.03515625 0.22265625
0 0.6640625 0.48046875 0.015625 0.09375
0 0.4072265625 0.693359375 0.048828125 0.19140625
0 0.3427734375 0.689453125 0.037109375 0.24609375
0 0.31640625 0.708984375 0.02734375 0.19921875
0 0.3095703125 0.521484375 0.025390625 0.11328125
0 0.341796875 0.498046875 0.01953125 0.10546875
0 0.369140625 0.494140625 0.01953125 0.09765625
0 0.3896484375 0.484375 0.013671875 0.1015625
0 0.40625 0.486328125 0.015625 0.12109375
