0 0.1279296875 0.677734375 0.037109375 0.19921875
0 0.1728515625 0.72265625 0.041015625 0.1953125
0 0.19140625 0.67578125 0.0234375 0.171875
0 0.21875 0.708984375 0.03125 0.23828125
0 0.0712890625 0.494140625 0.021484375 0.09765625
0 0.091796875 0.490234375 0.015625 0.09765625
0 0.115234375 0.482421875 0.015625 0.10546875
0 0.13671875 0.484375 0.015625 0.109375
0 0.388671875 0.470703125 0.015625 0.11328125
0 0.5478515625 0.46484375 0.021484375 0.09375
0 0.408203125 0.478515625 0.01953125 0.09765625
