0 0.24609375 0.7265625 0.0390625 0.203125
0 0.197265625 0.69140625 0.0390625 0.1953125
0 0.1689453125 0.703125 0.033203125 0.21875
0 0.115234375 0.720703125 0.0390625 0.20703125
0 0.1474609375 0.51171875 0.017578125 0.1015625
0 0.1728515625 0.50390625 0.021484375 0.109375
0 0.2021484375 0.5 0.017578125 0.09375
0 0.216796875 0.50390625 0.015625 0.1015625
0 0.47265625 0.486328125 0.01953125 0.11328125
0 0.4951171875 0.490234375 0.017578125 0.09765625
0 0.763671875 0.494140625 0.0234375 0.08984375
