0 0.3125 0.712890625 0.03125 0.19921875
0 0.236328125 0.7265625 0.046875 0.1953125
0 0.19921875 0.689453125 0.03125 0.19921875
0 0.14453125 0.701171875 0.03515625 0.22265625
0 0.0615234375 0.720703125 0.048828125 0.20703125
0 0.1435546875 0.513671875 0.021484375 0.10546875
0 0.1982421875 0.501953125 0.017578125 0.09765625
0 0.224609375 0.51953125 0.0234375 0.0859375
0 0.4404296875 0.49609375 0.017578125 0.1015625
0 0.474609375 0.490234375 0.01953125 0.10546875
0 0.708984375 0.49609375 0.015625 0.09375
