0 0.91015625 0.48828125 0.0234375 0.1015625
0 0.4736328125 0.4921875 0.021484375 0.1171875
0 0.2412109375 0.525390625 0.017578125 0.07421875
0 0.2041015625 0.513671875 0.025390625 0.11328125
0 0.134765625 0.513671875 0.015625 0.09765625
0 0.1513671875 0.517578125 0.017578125 0.10546875
0 0.296875 0.72265625 0.0390625 0.2109375
0 0.2314453125 0.73828125 0.041015625 0.203125
0 0.201171875 0.720703125 0.03125 0.22265625
0 0.16015625 0.755859375 0.046875 0.20703125
0 0.1181640625 0.759765625 0.052734375 0.20703125
