0 0.3173828125 0.728515625 0.037109375 0.20703125
0 0.158203125 0.73828125 0.04296875 0.2265625
0 0.2421875 0.765625 0.046875 0.1953125
0 0.2734375 0.744140625 0.04296875 0.20703125
0 0.1171875 0.52734375 0.02734375 0.1015625
0 0.1396484375 0.515625 0.017578125 0.1015625
0 0.1572265625 0.517578125 0.017578125 0.09765625
0 0.1982421875 0.50390625 0.017578125 0.109375
0 0.22265625 0.509765625 0.01953125 0.11328125
0 0.47265625 0.501953125 0.015625 0.09765625
0 0.505859375 0.515625 0.0234375 0.09375
0 0.7373046875 0.50390625 0.025390625 0.109375
