0 0.1962890625 0.7890625 0.064453125 0.2109375
0 0.2626953125 0.73046875 0.041015625 0.2109375
0 0.2900390625 0.76171875 0.025390625 0.2265625
0 0.314453125 0.75390625 0.03515625 0.234375
0 0.37890625 0.75390625 0.05859375 0.203125
0 0.4423828125 0.732421875 0.041015625 0.20703125
0 0.642578125 0.5234375 0.0234375 0.0859375
0 0.8154296875 0.513671875 0.021484375 0.10546875
0 0.4072265625 0.51953125 0.021484375 0.09375
0 0.337890625 0.515625 0.0234375 0.09375
0 0.2578125 0.52734375 0.02734375 0.09375
0 0.2255859375 0.525390625 0.017578125 0.08203125
