0 0.3134765625 0.7734375 0.033203125 0.203125
0 0.2880859375 0.744140625 0.041015625 0.19921875
0 0.228515625 0.7890625 0.046875 0.21875
0 0.3623046875 0.755859375 0.041015625 0.23828125
0 0.40234375 0.755859375 0.046875 0.20703125
0 0.4912109375 0.734375 0.044921875 0.1953125
0 0.392578125 0.513671875 0.01953125 0.10546875
0 0.427734375 0.515625 0.015625 0.09375
0 0.4453125 0.509765625 0.015625 0.09765625
0 0.4658203125 0.513671875 0.021484375 0.10546875
0 0.2802734375 0.525390625 0.021484375 0.09765625
0 0.333984375 0.51953125 0.01953125 0.109375
0 0.6845703125 0.517578125 0.025390625 0.10546875
0 0.720703125 0.509765625 0.01953125 0.08984375
