0 0.5185546875 0.451171875 0.017578125 0.07421875
0 0.5517578125 0.451171875 0.017578125 0.08984375
0 0.515625 0.60546875 0.015625 0.109375
0 0.5029296875 0.609375 0.017578125 0.1015625
0 0.546875 0.599609375 0.01953125 0.11328125
0 0.947265625 0.65625 0.02734375 0.1171875
0 0.259765625 0.607421875 0.015625 0.11328125
0 0.27734375 0.611328125 0.01953125 0.11328125
0 0.302734375 0.66015625 0.01953125 0.140625
0 0.4130859375 0.580078125 0.029296875 0.09765625
0 0.1435546875 0.634765625 0.029296875 0.08984375
