0 0.5126953125 0.447265625 0.021484375 0.07421875
0 0.5439453125 0.4453125 0.017578125 0.078125
0 0.9423828125 0.65625 0.029296875 0.125
0 0.5166015625 0.603515625 0.021484375 0.12109375
0 0.5478515625 0.599609375 0.021484375 0.12109375
0 0.4892578125 0.607421875 0.025390625 0.11328125
0 0.2802734375 0.611328125 0.021484375 0.10546875
0 0.3017578125 0.67578125 0.021484375 0.125
0 0.3046875 0.583984375 0.01953125 0.08203125
0 0.3974609375 0.6171875 0.025390625 0.09375
0 0.1435546875 0.6328125 0.029296875 0.0859375
0 0.2626953125 0.615234375 0.017578125 0.10546875
