0 0.14453125 0.63671875 0.02734375 0.0859375
0 0.2529296875 0.60546875 0.021484375 0.125
0 0.27734375 0.607421875 0.01953125 0.12109375
0 0.30078125 0.669921875 0.01953125 0.13671875
0 0.3046875 0.58203125 0.015625 0.078125
0 0.337890625 0.611328125 0.0234375 0.11328125
0 0.4404296875 0.61328125 0.029296875 0.1015625
0 0.5166015625 0.60546875 0.017578125 0.1171875
0 0.548828125 0.599609375 0.01953125 0.11328125
0 0.92578125 0.65625 0.03515625 0.125
0 0.52734375 0.44921875 0.015625 0.078125
0 0.4990234375 0.451171875 0.017578125 0.07421875
