0 0.498046875 0.453125 0.015625 0.078125
0 0.46484375 0.44921875 0.015625 0.0703125
0 0.5478515625 0.6015625 0.021484375 0.109375
0 0.8994140625 0.666015625 0.033203125 0.12109375
0 0.341796875 0.60546875 0.0234375 0.1171875
0 0.3232421875 0.61328125 0.017578125 0.1015625
0 0.2998046875 0.5859375 0.017578125 0.0625
0 0.302734375 0.677734375 0.01953125 0.13671875
0 0.27734375 0.611328125 0.01953125 0.11328125
0 0.259765625 0.607421875 0.015625 0.12109375
0 0.142578125 0.638671875 0.02734375 0.08984375
0 0.513671875 0.603515625 0.0234375 0.12109375
