0 0.447265625 0.447265625 0.015625 0.05859375
0 0.4833984375 0.4453125 0.013671875 0.0625
0 0.5498046875 0.603515625 0.021484375 0.11328125
0 0.5185546875 0.609375 0.017578125 0.1171875
0 0.8876953125 0.666015625 0.029296875 0.12890625
0 0.37890625 0.609375 0.0234375 0.1171875
0 0.302734375 0.67578125 0.01953125 0.1328125
0 0.142578125 0.63671875 0.02734375 0.0859375
0 0.2470703125 0.61328125 0.017578125 0.109375
0 0.2685546875 0.611328125 0.017578125 0.11328125
0 0.2880859375 0.599609375 0.013671875 0.10546875
0 0.3173828125 0.609375 0.013671875 0.1171875
