0 0.8857421875 0.669921875 0.025390625 0.12890625
0 0.548828125 0.6015625 0.0234375 0.109375
0 0.517578125 0.603515625 0.0234375 0.11328125
0 0.439453125 0.455078125 0.015625 0.06640625
0 0.4755859375 0.44921875 0.017578125 0.078125
0 0.4033203125 0.61328125 0.025390625 0.109375
0 0.14453125 0.638671875 0.03125 0.08203125
0 0.2529296875 0.615234375 0.017578125 0.10546875
0 0.2705078125 0.609375 0.017578125 0.1171875
0 0.2900390625 0.60546875 0.013671875 0.109375
0 0.302734375 0.6796875 0.015625 0.140625
0 0.3212890625 0.609375 0.013671875 0.109375
0 0.3056640625 0.57421875 0.013671875 0.0625
