0 0.1455078125 0.638671875 0.029296875 0.08203125
0 0.24609375 0.611328125 0.015625 0.10546875
0 0.259765625 0.609375 0.01171875 0.1171875
0 0.275390625 0.607421875 0.015625 0.12109375
0 0.294921875 0.607421875 0.01171875 0.11328125
0 0.306640625 0.67578125 0.015625 0.140625
0 0.3076171875 0.578125 0.013671875 0.0546875
0 0.32421875 0.6171875 0.01953125 0.1015625
0 0.4306640625 0.599609375 0.017578125 0.12109375
0 0.517578125 0.607421875 0.01953125 0.12109375
0 0.55078125 0.60546875 0.0234375 0.109375
0 0.4306640625 0.451171875 0.017578125 0.06640625
0 0.466796875 0.4453125 0.015625 0.0703125
0 0.8818359375 0.669921875 0.025390625 0.12109375
