0 0.876953125 0.669921875 0.02734375 0.12109375
0 0.548828125 0.603515625 0.01953125 0.10546875
0 0.5166015625 0.609375 0.017578125 0.109375
0 0.4521484375 0.619140625 0.037109375 0.08984375
0 0.4228515625 0.453125 0.013671875 0.0703125
0 0.458984375 0.447265625 0.015625 0.06640625
0 0.345703125 0.6171875 0.0234375 0.1015625
0 0.3017578125 0.677734375 0.021484375 0.13671875
0 0.30859375 0.580078125 0.0234375 0.06640625
0 0.27734375 0.607421875 0.0234375 0.12109375
0 0.2568359375 0.609375 0.017578125 0.1171875
0 0.1455078125 0.63671875 0.025390625 0.0859375
