0 0.8701171875 0.671875 0.025390625 0.125
0 0.48828125 0.609375 0.03515625 0.1171875
0 0.5185546875 0.607421875 0.017578125 0.11328125
0 0.5498046875 0.603515625 0.021484375 0.10546875
0 0.302734375 0.677734375 0.01953125 0.13671875
0 0.1435546875 0.638671875 0.029296875 0.08203125
0 0.2470703125 0.615234375 0.013671875 0.10546875
0 0.2607421875 0.61328125 0.017578125 0.1171875
0 0.2802734375 0.607421875 0.013671875 0.12109375
0 0.3154296875 0.609375 0.021484375 0.109375
0 0.416015625 0.44921875 0.015625 0.078125
0 0.4482421875 0.443359375 0.013671875 0.06640625
