0 0.859375 0.67578125 0.0234375 0.125
0 0.9853515625 0.63671875 0.025390625 0.125
0 0.40234375 0.451171875 0.01953125 0.06640625
0 0.5498046875 0.6015625 0.021484375 0.109375
0 0.517578125 0.607421875 0.01953125 0.11328125
0 0.43359375 0.611328125 0.01953125 0.12109375
0 0.3701171875 0.611328125 0.025390625 0.11328125
0 0.302734375 0.677734375 0.01953125 0.13671875
0 0.310546875 0.58984375 0.01171875 0.0625
0 0.294921875 0.599609375 0.015625 0.09765625
0 0.2724609375 0.61328125 0.025390625 0.109375
0 0.2529296875 0.611328125 0.017578125 0.11328125
0 0.1455078125 0.638671875 0.029296875 0.08984375
