0 0.8544921875 0.677734375 0.029296875 0.12890625
0 0.9609375 0.63671875 0.02734375 0.125
0 0.39453125 0.44921875 0.015625 0.0703125
0 0.4248046875 0.447265625 0.013671875 0.07421875
0 0.40625 0.609375 0.01953125 0.109375
0 0.45703125 0.6171875 0.03125 0.1171875
0 0.517578125 0.607421875 0.01953125 0.12109375
0 0.548828125 0.60546875 0.0234375 0.1171875
0 0.31640625 0.60546875 0.01171875 0.1171875
0 0.302734375 0.677734375 0.01953125 0.12890625
0 0.2841796875 0.609375 0.017578125 0.1171875
0 0.259765625 0.611328125 0.01953125 0.11328125
0 0.14453125 0.63671875 0.03125 0.0859375
