0 0.8486328125 0.6796875 0.029296875 0.125
0 0.935546875 0.642578125 0.0234375 0.12890625
0 0.548828125 0.603515625 0.0234375 0.11328125
0 0.5185546875 0.60546875 0.021484375 0.1171875
0 0.4921875 0.615234375 0.02734375 0.11328125
0 0.43359375 0.58984375 0.02734375 0.1015625
0 0.328125 0.611328125 0.01953125 0.11328125
0 0.3017578125 0.6796875 0.017578125 0.1328125
0 0.1435546875 0.63671875 0.029296875 0.0859375
0 0.267578125 0.609375 0.01953125 0.109375
0 0.29296875 0.599609375 0.015625 0.09765625
0 0.30859375 0.58984375 0.015625 0.078125
0 0.3876953125 0.447265625 0.017578125 0.07421875
