0 0.833984375 0.681640625 0.02734375 0.12890625
0 0.8916015625 0.650390625 0.025390625 0.13671875
0 0.548828125 0.603515625 0.01953125 0.11328125
0 0.5185546875 0.61328125 0.021484375 0.109375
0 0.4873046875 0.615234375 0.029296875 0.10546875
0 0.3740234375 0.44921875 0.017578125 0.0625
0 0.3974609375 0.447265625 0.017578125 0.07421875
0 0.3515625 0.62109375 0.0390625 0.09375
0 0.302734375 0.6796875 0.01953125 0.1328125
0 0.318359375 0.609375 0.015625 0.1171875
0 0.283203125 0.609375 0.01953125 0.1171875
0 0.1435546875 0.638671875 0.029296875 0.08203125
