0 0.8125 0.68359375 0.02734375 0.1328125
0 0.8330078125 0.66796875 0.021484375 0.125
0 0.302734375 0.6796875 0.01953125 0.1328125
0 0.3076171875 0.58203125 0.013671875 0.0703125
0 0.14453125 0.638671875 0.02734375 0.08203125
0 0.353515625 0.61328125 0.03125 0.109375
0 0.443359375 0.62109375 0.046875 0.1015625
0 0.5068359375 0.6015625 0.013671875 0.1171875
0 0.5205078125 0.603515625 0.013671875 0.11328125
0 0.546875 0.60546875 0.01953125 0.1171875
0 0.3486328125 0.451171875 0.013671875 0.06640625
0 0.3740234375 0.4453125 0.013671875 0.078125
