0 0.14453125 0.638671875 0.02734375 0.08203125
0 0.3017578125 0.673828125 0.021484375 0.13671875
0 0.3076171875 0.57421875 0.013671875 0.0546875
0 0.3232421875 0.611328125 0.017578125 0.10546875
0 0.3984375 0.58984375 0.01953125 0.09375
0 0.5048828125 0.603515625 0.017578125 0.11328125
0 0.525390625 0.615234375 0.01953125 0.11328125
0 0.546875 0.615234375 0.015625 0.10546875
0 0.330078125 0.44921875 0.015625 0.0703125
0 0.359375 0.447265625 0.01171875 0.06640625
0 0.7822265625 0.6640625 0.017578125 0.125
0 0.796875 0.6875 0.0234375 0.1328125
