0 0.302734375 0.677734375 0.01953125 0.13671875
0 0.1455078125 0.638671875 0.029296875 0.08203125
0 0.3076171875 0.578125 0.013671875 0.0625
0 0.3740234375 0.611328125 0.017578125 0.10546875
0 0.4580078125 0.611328125 0.029296875 0.10546875
0 0.501953125 0.607421875 0.015625 0.12109375
0 0.521484375 0.607421875 0.01953125 0.11328125
0 0.7509765625 0.681640625 0.025390625 0.14453125
0 0.7841796875 0.69140625 0.025390625 0.1328125
0 0.5654296875 0.61328125 0.017578125 0.109375
0 0.55078125 0.611328125 0.015625 0.10546875
