0 0.697265625 0.705078125 0.03125 0.16015625
0 0.759765625 0.701171875 0.02734375 0.14453125
0 0.888671875 0.66796875 0.0234375 0.1328125
0 0.9384765625 0.671875 0.029296875 0.125
0 0.3046875 0.67578125 0.01953125 0.1328125
0 0.306640625 0.578125 0.015625 0.0625
0 0.146484375 0.640625 0.03125 0.0859375
0 0.267578125 0.447265625 0.015625 0.06640625
0 0.2939453125 0.447265625 0.013671875 0.07421875
0 0.455078125 0.607421875 0.01953125 0.11328125
0 0.49609375 0.609375 0.03125 0.1171875
0 0.5263671875 0.607421875 0.021484375 0.12109375
0 0.552734375 0.60546875 0.0234375 0.1171875
0 0.5810546875 0.615234375 0.025390625 0.11328125
