0 0.1455078125 0.638671875 0.029296875 0.08203125
0 0.25 0.44921875 0.015625 0.0625
0 0.2744140625 0.443359375 0.013671875 0.06640625
0 0.41796875 0.61328125 0.01953125 0.109375
0 0.302734375 0.67578125 0.01953125 0.140625
0 0.3076171875 0.580078125 0.013671875 0.06640625
0 0.490234375 0.609375 0.01953125 0.109375
0 0.5126953125 0.607421875 0.017578125 0.11328125
0 0.5283203125 0.609375 0.013671875 0.1171875
0 0.548828125 0.61328125 0.01953125 0.109375
0 0.576171875 0.61328125 0.01953125 0.109375
0 0.6904296875 0.71875 0.029296875 0.171875
0 0.7509765625 0.705078125 0.025390625 0.14453125
0 0.8564453125 0.669921875 0.025390625 0.13671875
0 0.900390625 0.6796875 0.02734375 0.1328125
