0 0.689453125 0.724609375 0.03125 0.16796875
0 0.7470703125 0.705078125 0.025390625 0.14453125
0 0.8427734375 0.673828125 0.025390625 0.13671875
0 0.8818359375 0.685546875 0.029296875 0.14453125
0 0.5693359375 0.6171875 0.017578125 0.109375
0 0.552734375 0.60546875 0.01953125 0.109375
0 0.529296875 0.60546875 0.01953125 0.1171875
0 0.484375 0.615234375 0.03125 0.09765625
0 0.40234375 0.61328125 0.01953125 0.109375
0 0.3037109375 0.6796875 0.017578125 0.1328125
0 0.3056640625 0.583984375 0.013671875 0.06640625
0 0.1435546875 0.638671875 0.029296875 0.08203125
0 0.5126953125 0.607421875 0.013671875 0.12109375
0 0.2392578125 0.44921875 0.017578125 0.0703125
0 0.265625 0.44921875 0.015625 0.0703125
