0 0.6884765625 0.740234375 0.033203125 0.16796875
0 0.740234375 0.71484375 0.03125 0.1484375
0 0.8154296875 0.6875 0.025390625 0.140625
0 0.8564453125 0.697265625 0.033203125 0.15234375
0 0.5830078125 0.615234375 0.021484375 0.10546875
0 0.556640625 0.607421875 0.0234375 0.11328125
0 0.5283203125 0.609375 0.017578125 0.1171875
0 0.505859375 0.611328125 0.0234375 0.10546875
0 0.4248046875 0.615234375 0.025390625 0.11328125
0 0.3466796875 0.6171875 0.021484375 0.1171875
0 0.3046875 0.6796875 0.01953125 0.125
0 0.3076171875 0.583984375 0.017578125 0.07421875
0 0.146484375 0.638671875 0.02734375 0.08203125
0 0.2177734375 0.44921875 0.017578125 0.0625
0 0.25 0.4453125 0.015625 0.078125
