0 0.693359375 0.751953125 0.03125 0.18359375
0 0.736328125 0.716796875 0.03125 0.15234375
0 0.79296875 0.6953125 0.02734375 0.140625
0 0.8408203125 0.7109375 0.033203125 0.15625
0 0.5751953125 0.609375 0.013671875 0.1015625
0 0.5595703125 0.609375 0.017578125 0.109375
0 0.529296875 0.60546875 0.015625 0.1171875
0 0.3759765625 0.619140625 0.033203125 0.11328125
0 0.451171875 0.615234375 0.01953125 0.10546875
0 0.3037109375 0.677734375 0.021484375 0.13671875
0 0.3076171875 0.580078125 0.013671875 0.06640625
0 0.2919921875 0.6171875 0.017578125 0.109375
0 0.1455078125 0.640625 0.029296875 0.0859375
0 0.1982421875 0.447265625 0.017578125 0.06640625
0 0.2314453125 0.4453125 0.017578125 0.0703125
