0 0.5654296875 0.609375 0.021484375 0.1171875
0 0.5439453125 0.607421875 0.013671875 0.09765625
0 0.52734375 0.609375 0.015625 0.1171875
0 0.4990234375 0.62109375 0.037109375 0.09375
0 0.7080078125 0.76953125 0.029296875 0.1953125
0 0.7314453125 0.72265625 0.021484375 0.15625
0 0.779296875 0.69921875 0.0234375 0.1484375
0 0.833984375 0.728515625 0.03515625 0.16015625
0 0.283203125 0.609375 0.01953125 0.1171875
0 0.3037109375 0.677734375 0.017578125 0.13671875
0 0.306640625 0.578125 0.015625 0.0546875
0 0.37890625 0.603515625 0.0234375 0.12109375
0 0.146484375 0.640625 0.02734375 0.0859375
0 0.177734375 0.44921875 0.01171875 0.0625
0 0.2109375 0.4453125 0.015625 0.0703125
0 0.578125 0.443359375 0.015625 0.08203125
