0 0.7275390625 0.78125 0.033203125 0.1953125
0 0.7275390625 0.68359375 0.021484375 0.078125
0 0.775390625 0.708984375 0.0234375 0.15234375
0 0.83203125 0.734375 0.03125 0.1640625
0 0.5693359375 0.60546875 0.017578125 0.1171875
0 0.5771484375 0.447265625 0.017578125 0.08203125
0 0.5517578125 0.609375 0.017578125 0.1015625
0 0.52734375 0.609375 0.01953125 0.109375
0 0.5107421875 0.609375 0.017578125 0.1015625
0 0.4658203125 0.61328125 0.033203125 0.109375
0 0.3037109375 0.6796875 0.017578125 0.1328125
0 0.3505859375 0.61328125 0.021484375 0.109375
0 0.3076171875 0.58203125 0.017578125 0.0625
0 0.28515625 0.62109375 0.01953125 0.1015625
0 0.14453125 0.638671875 0.02734375 0.08984375
0 0.1689453125 0.44921875 0.017578125 0.0703125
