0 0.71484375 0.73046875 0.03125 0.15625
0 0.767578125 0.80078125 0.03515625 0.203125
0 0.7705078125 0.681640625 0.029296875 0.06640625
0 0.8408203125 0.748046875 0.037109375 0.17578125
0 0.57421875 0.453125 0.01953125 0.0703125
0 0.150390625 0.447265625 0.015625 0.06640625
0 0.302734375 0.681640625 0.01953125 0.13671875
0 0.2705078125 0.615234375 0.021484375 0.11328125
0 0.14453125 0.640625 0.02734375 0.078125
0 0.2919921875 0.607421875 0.017578125 0.10546875
0 0.30859375 0.58984375 0.01171875 0.0703125
0 0.404296875 0.595703125 0.0234375 0.11328125
0 0.4765625 0.611328125 0.0234375 0.11328125
0 0.52734375 0.609375 0.01953125 0.125
0 0.5537109375 0.603515625 0.025390625 0.11328125
0 0.57421875 0.607421875 0.01953125 0.11328125
