0 0.3525390625 0.61328125 0.029296875 0.125
0 0.4150390625 0.615234375 0.025390625 0.11328125
0 0.5107421875 0.611328125 0.021484375 0.09765625
0 0.5283203125 0.611328125 0.017578125 0.11328125
0 0.5595703125 0.607421875 0.025390625 0.11328125
0 0.7119140625 0.73828125 0.033203125 0.1640625
0 0.76953125 0.73046875 0.03125 0.15625
0 0.82421875 0.8125 0.0390625 0.21875
0 0.86328125 0.763671875 0.03515625 0.17578125
0 0.302734375 0.677734375 0.01953125 0.13671875
0 0.3046875 0.578125 0.015625 0.0546875
0 0.2724609375 0.611328125 0.029296875 0.11328125
0 0.1455078125 0.640625 0.029296875 0.0859375
0 0.1318359375 0.451171875 0.017578125 0.07421875
