0 0.8876953125 0.826171875 0.037109375 0.21484375
0 0.908203125 0.779296875 0.0234375 0.19140625
0 0.771484375 0.73828125 0.02734375 0.1640625
0 0.7119140625 0.74609375 0.029296875 0.1640625
0 0.5556640625 0.455078125 0.017578125 0.06640625
0 0.111328125 0.447265625 0.015625 0.07421875
0 0.146484375 0.638671875 0.02734375 0.08203125
0 0.26171875 0.6171875 0.0234375 0.1171875
0 0.2880859375 0.6171875 0.017578125 0.1171875
0 0.3037109375 0.677734375 0.017578125 0.13671875
0 0.3076171875 0.578125 0.017578125 0.0625
0 0.3681640625 0.6171875 0.029296875 0.109375
0 0.4736328125 0.61328125 0.025390625 0.109375
0 0.52734375 0.607421875 0.015625 0.11328125
0 0.5517578125 0.609375 0.013671875 0.109375
0 0.56640625 0.607421875 0.015625 0.10546875
