0 0.5517578125 0.45703125 0.017578125 0.0703125
0 0.099609375 0.44921875 0.01953125 0.0625
0 0.14453125 0.640625 0.03125 0.0859375
0 0.2724609375 0.615234375 0.017578125 0.10546875
0 0.3056640625 0.587890625 0.017578125 0.07421875
0 0.302734375 0.681640625 0.01953125 0.12890625
0 0.3359375 0.619140625 0.0234375 0.11328125
0 0.4404296875 0.6171875 0.017578125 0.109375
0 0.5263671875 0.607421875 0.017578125 0.11328125
0 0.544921875 0.609375 0.015625 0.109375
0 0.5615234375 0.60546875 0.021484375 0.109375
0 0.7099609375 0.748046875 0.033203125 0.16796875
0 0.7763671875 0.748046875 0.029296875 0.16796875
0 0.9306640625 0.849609375 0.041015625 0.23046875
0 0.9287109375 0.73828125 0.044921875 0.0859375
