0 0.5390625 0.458984375 0.015625 0.06640625
0 0.7177734375 0.75390625 0.029296875 0.171875
0 0.787109375 0.76953125 0.03125 0.171875
0 0.5576171875 0.60546875 0.017578125 0.109375
0 0.5263671875 0.607421875 0.017578125 0.11328125
0 0.34765625 0.611328125 0.02734375 0.12109375
0 0.30078125 0.681640625 0.0234375 0.13671875
0 0.1455078125 0.640625 0.029296875 0.0859375
0 0.251953125 0.6171875 0.01953125 0.109375
0 0.26171875 0.609375 0.015625 0.1171875
0 0.2763671875 0.607421875 0.013671875 0.11328125
0 0.3017578125 0.5859375 0.017578125 0.0703125
0 0.0732421875 0.447265625 0.017578125 0.07421875
