0 0.5341796875 0.45703125 0.017578125 0.0703125
0 0.0625 0.447265625 0.015625 0.06640625
0 0.146484375 0.638671875 0.03125 0.08203125
0 0.2451171875 0.615234375 0.013671875 0.11328125
0 0.26171875 0.61328125 0.015625 0.1171875
0 0.2822265625 0.61328125 0.021484375 0.125
0 0.3037109375 0.580078125 0.017578125 0.06640625
0 0.3037109375 0.6796875 0.017578125 0.1328125
0 0.3212890625 0.615234375 0.021484375 0.11328125
0 0.365234375 0.611328125 0.03125 0.12109375
0 0.52734375 0.607421875 0.015625 0.11328125
0 0.55859375 0.609375 0.01953125 0.109375
0 0.7216796875 0.759765625 0.033203125 0.17578125
0 0.794921875 0.775390625 0.0390625 0.17578125
