0 0.1455078125 0.640625 0.029296875 0.078125
0 0.25390625 0.6171875 0.01953125 0.109375
0 0.2744140625 0.611328125 0.017578125 0.12109375
0 0.302734375 0.681640625 0.01953125 0.14453125
0 0.306640625 0.576171875 0.015625 0.05859375
0 0.341796875 0.62109375 0.0234375 0.1015625
0 0.4365234375 0.611328125 0.017578125 0.12109375
0 0.552734375 0.455078125 0.015625 0.06640625
0 0.5283203125 0.609375 0.013671875 0.1171875
0 0.541015625 0.611328125 0.01171875 0.10546875
0 0.552734375 0.609375 0.015625 0.109375
0 0.734375 0.775390625 0.0390625 0.18359375
0 0.845703125 0.796875 0.04296875 0.1875
