0 0.7509765625 0.78125 0.033203125 0.1875
0 0.9267578125 0.822265625 0.037109375 0.19921875
0 0.583984375 0.455078125 0.015625 0.06640625
0 0.55078125 0.603515625 0.01953125 0.11328125
0 0.5302734375 0.615234375 0.017578125 0.11328125
0 0.51171875 0.607421875 0.01953125 0.11328125
0 0.435546875 0.615234375 0.02734375 0.10546875
0 0.353515625 0.611328125 0.0234375 0.12109375
0 0.30078125 0.6796875 0.01953125 0.140625
0 0.3017578125 0.580078125 0.017578125 0.05859375
0 0.2783203125 0.61328125 0.021484375 0.109375
0 0.2470703125 0.611328125 0.017578125 0.11328125
0 0.142578125 0.640625 0.03125 0.0859375
