0 0.759765625 0.791015625 0.03125 0.18359375
0 0.9541015625 0.828125 0.044921875 0.203125
0 0.548828125 0.609375 0.0234375 0.1171875
0 0.5283203125 0.607421875 0.013671875 0.12109375
0 0.4990234375 0.603515625 0.025390625 0.11328125
0 0.4609375 0.615234375 0.02734375 0.12109375
0 0.302734375 0.67578125 0.01953125 0.140625
0 0.1455078125 0.642578125 0.029296875 0.08203125
0 0.2548828125 0.61328125 0.017578125 0.109375
0 0.2880859375 0.609375 0.013671875 0.1171875
0 0.3134765625 0.609375 0.021484375 0.125
0 0.37890625 0.607421875 0.01953125 0.12109375
