0 0.1025390625 0.546875 0.029296875 0.171875
0 0.1953125 0.5390625 0.02734375 0.171875
0 0.2724609375 0.5390625 0.025390625 0.1484375
0 0.330078125 0.5234375 0.0234375 0.1875
0 0.3896484375 0.5546875 0.033203125 0.2109375
0 0.416015625 0.525390625 0.0234375 0.16796875
0 0.451171875 0.505859375 0.03125 0.15234375
0 0.482421875 0.552734375 0.0390625 0.19140625
0 0.54296875 0.56640625 0.04296875 0.203125
0 0.5947265625 0.54296875 0.033203125 0.203125
0 0.6240234375 0.533203125 0.029296875 0.18359375
0 0.658203125 0.56640625 0.0390625 0.1953125
0 0.732421875 0.544921875 0.046875 0.20703125
0 0.80859375 0.541015625 0.03125 0.19140625
0 0.9150390625 0.537109375 0.033203125 0.16796875
0 0.8193359375 0.5 0.021484375 0.171875
