0 0.083984375 0.544921875 0.0390625 0.16796875
0 0.1748046875 0.541015625 0.044921875 0.16015625
0 0.2529296875 0.533203125 0.025390625 0.15234375
0 0.3291015625 0.515625 0.029296875 0.1875
0 0.3662109375 0.52734375 0.041015625 0.1796875
0 0.3984375 0.529296875 0.02734375 0.15234375
0 0.4462890625 0.537109375 0.044921875 0.21484375
0 0.5341796875 0.572265625 0.033203125 0.20703125
0 0.560546875 0.53125 0.0234375 0.203125
0 0.5966796875 0.52734375 0.029296875 0.1875
0 0.650390625 0.5625 0.04296875 0.1953125
0 0.716796875 0.548828125 0.03515625 0.20703125
0 0.7802734375 0.48046875 0.021484375 0.140625
0 0.7939453125 0.546875 0.029296875 0.1796875
0 0.912109375 0.533203125 0.03515625 0.17578125
