0 0.0205078125 0.53125 0.037109375 0.1796875
0 0.0908203125 0.537109375 0.044921875 0.16796875
0 0.1943359375 0.529296875 0.033203125 0.14453125
0 0.2744140625 0.486328125 0.033203125 0.16015625
0 0.3046875 0.5390625 0.0234375 0.1875
0 0.33203125 0.53515625 0.02734375 0.2265625
0 0.380859375 0.5546875 0.03515625 0.1875
0 0.474609375 0.533203125 0.03515625 0.19140625
0 0.5126953125 0.564453125 0.029296875 0.20703125
0 0.5419921875 0.52734375 0.029296875 0.1796875
0 0.623046875 0.560546875 0.0390625 0.19921875
0 0.6494140625 0.513671875 0.021484375 0.18359375
0 0.703125 0.541015625 0.0234375 0.20703125
0 0.7724609375 0.544921875 0.041015625 0.19140625
0 0.8857421875 0.533203125 0.033203125 0.17578125
0 0.9814453125 0.515625 0.037109375 0.203125
0 0.7119140625 0.505859375 0.021484375 0.18359375
