0 0.048828125 0.53515625 0.03125 0.15625
0 0.16015625 0.53515625 0.03125 0.1484375
0 0.2333984375 0.490234375 0.025390625 0.15234375
0 0.2783203125 0.546875 0.033203125 0.2109375
0 0.3291015625 0.52734375 0.025390625 0.1796875
0 0.3515625 0.556640625 0.03125 0.18359375
0 0.431640625 0.54296875 0.03125 0.1796875
0 0.5087890625 0.55859375 0.033203125 0.2265625
0 0.60546875 0.56640625 0.04296875 0.203125
0 0.6787109375 0.51171875 0.025390625 0.1875
0 0.697265625 0.544921875 0.03125 0.21484375
0 0.7705078125 0.5546875 0.029296875 0.1875
0 0.8828125 0.54296875 0.03125 0.171875
0 0.982421875 0.5234375 0.02734375 0.1953125
0 0.6259765625 0.509765625 0.029296875 0.15234375
