0 0.08984375 0.546875 0.02734375 0.1484375
0 0.1787109375 0.51953125 0.025390625 0.171875
0 0.20703125 0.515625 0.02734375 0.1640625
0 0.2333984375 0.5625 0.037109375 0.1875
0 0.298828125 0.556640625 0.03125 0.17578125
0 0.3271484375 0.5390625 0.029296875 0.1875
0 0.361328125 0.544921875 0.02734375 0.18359375
0 0.4638671875 0.5390625 0.025390625 0.1796875
0 0.4990234375 0.576171875 0.029296875 0.20703125
0 0.5654296875 0.517578125 0.025390625 0.16796875
0 0.58984375 0.568359375 0.02734375 0.19921875
0 0.6142578125 0.509765625 0.025390625 0.18359375
0 0.6884765625 0.55078125 0.037109375 0.21875
0 0.76953125 0.556640625 0.03125 0.17578125
0 0.869140625 0.54296875 0.03515625 0.1640625
0 0.974609375 0.533203125 0.0390625 0.18359375
