0 0.056640625 0.54296875 0.03125 0.140625
0 0.138671875 0.5390625 0.0234375 0.140625
0 0.166015625 0.5078125 0.02734375 0.140625
0 0.2109375 0.55859375 0.02734375 0.171875
0 0.2802734375 0.5625 0.037109375 0.1640625
0 0.3095703125 0.533203125 0.021484375 0.17578125
0 0.3369140625 0.53515625 0.033203125 0.1796875
0 0.4404296875 0.533203125 0.033203125 0.17578125
0 0.4853515625 0.564453125 0.037109375 0.19140625
0 0.5400390625 0.515625 0.029296875 0.1796875
0 0.5791015625 0.568359375 0.041015625 0.19921875
0 0.587890625 0.525390625 0.0234375 0.19140625
0 0.669921875 0.544921875 0.03515625 0.20703125
0 0.763671875 0.560546875 0.0390625 0.17578125
0 0.8544921875 0.546875 0.037109375 0.1796875
0 0.9560546875 0.529296875 0.037109375 0.19140625
