0 0.0244140625 0.537109375 0.021484375 0.14453125
0 0.1025390625 0.525390625 0.021484375 0.14453125
0 0.126953125 0.509765625 0.0234375 0.14453125
0 0.1640625 0.505859375 0.01953125 0.15234375
0 0.197265625 0.5625 0.0234375 0.171875
0 0.2568359375 0.552734375 0.033203125 0.16796875
0 0.3095703125 0.533203125 0.037109375 0.17578125
0 0.4169921875 0.53125 0.033203125 0.171875
0 0.4609375 0.572265625 0.0390625 0.19921875
0 0.5126953125 0.521484375 0.029296875 0.17578125
0 0.54296875 0.548828125 0.03125 0.17578125
0 0.55859375 0.509765625 0.02734375 0.17578125
0 0.650390625 0.556640625 0.03125 0.19921875
0 0.744140625 0.5546875 0.03125 0.1875
0 0.8369140625 0.537109375 0.041015625 0.17578125
0 0.94921875 0.525390625 0.0546875 0.19140625
