0 0.0712890625 0.525390625 0.025390625 0.14453125
0 0.009765625 0.53515625 0.015625 0.15625
0 0.0986328125 0.5078125 0.025390625 0.140625
0 0.166015625 0.537109375 0.02734375 0.21484375
0 0.236328125 0.5546875 0.03125 0.171875
0 0.279296875 0.529296875 0.0234375 0.16796875
0 0.2978515625 0.529296875 0.021484375 0.18359375
0 0.388671875 0.52734375 0.03125 0.171875
0 0.4443359375 0.572265625 0.037109375 0.19921875
0 0.482421875 0.51953125 0.02734375 0.1796875
0 0.5146484375 0.560546875 0.041015625 0.19140625
0 0.525390625 0.45703125 0.02734375 0.09375
0 0.7216796875 0.552734375 0.037109375 0.19140625
0 0.626953125 0.5546875 0.04296875 0.203125
0 0.81640625 0.541015625 0.03125 0.17578125
0 0.9189453125 0.515625 0.037109375 0.1875
