0 0.0517578125 0.51953125 0.041015625 0.1484375
0 0.08203125 0.509765625 0.02734375 0.15234375
0 0.154296875 0.55078125 0.02734375 0.171875
0 0.1728515625 0.5 0.021484375 0.1484375
0 0.2216796875 0.552734375 0.033203125 0.16015625
0 0.2607421875 0.533203125 0.041015625 0.18359375
0 0.2978515625 0.53125 0.033203125 0.1796875
0 0.3701171875 0.529296875 0.041015625 0.16015625
0 0.4306640625 0.56640625 0.044921875 0.1953125
0 0.4921875 0.55859375 0.04296875 0.1953125
0 0.5087890625 0.501953125 0.029296875 0.16796875
0 0.60546875 0.55078125 0.04296875 0.1953125
0 0.708984375 0.544921875 0.0390625 0.18359375
0 0.80078125 0.5390625 0.03515625 0.171875
0 0.896484375 0.5234375 0.03515625 0.1875
