0 0.0283203125 0.533203125 0.025390625 0.14453125
0 0.0869140625 0.52734375 0.025390625 0.1484375
0 0.119140625 0.51171875 0.01953125 0.140625
0 0.1494140625 0.546875 0.025390625 0.1796875
0 0.193359375 0.548828125 0.03125 0.14453125
0 0.2294921875 0.50390625 0.017578125 0.1484375
0 0.287109375 0.541015625 0.03125 0.14453125
0 0.361328125 0.525390625 0.01953125 0.18359375
0 0.4521484375 0.55859375 0.037109375 0.1875
0 0.4111328125 0.552734375 0.025390625 0.15234375
0 0.470703125 0.50390625 0.02734375 0.15625
0 0.5791015625 0.548828125 0.037109375 0.19921875
0 0.6728515625 0.548828125 0.033203125 0.17578125
0 0.7841796875 0.537109375 0.037109375 0.16796875
0 0.8623046875 0.51953125 0.037109375 0.1796875
0 0.986328125 0.5078125 0.02734375 0.1953125
