0 0.05859375 0.529296875 0.0234375 0.13671875
0 0.1376953125 0.541015625 0.041015625 0.16015625
0 0.19140625 0.509765625 0.02734375 0.14453125
0 0.2412109375 0.5234375 0.025390625 0.1640625
0 0.271484375 0.505859375 0.0234375 0.14453125
0 0.3349609375 0.517578125 0.029296875 0.16015625
0 0.4169921875 0.541015625 0.037109375 0.19921875
0 0.451171875 0.498046875 0.02734375 0.15234375
0 0.560546875 0.548828125 0.03125 0.18359375
0 0.63671875 0.548828125 0.03515625 0.16796875
0 0.7568359375 0.5390625 0.029296875 0.1484375
0 0.8203125 0.517578125 0.03125 0.17578125
0 0.9677734375 0.5078125 0.033203125 0.1875
