0 0.0771484375 0.53515625 0.021484375 0.140625
0 0.11328125 0.548828125 0.03125 0.16015625
0 0.15625 0.525390625 0.02734375 0.15234375
0 0.2177734375 0.51171875 0.021484375 0.140625
0 0.2353515625 0.529296875 0.029296875 0.15234375
0 0.2880859375 0.505859375 0.021484375 0.14453125
0 0.4033203125 0.564453125 0.037109375 0.17578125
0 0.4501953125 0.5234375 0.033203125 0.1953125
0 0.5537109375 0.544921875 0.029296875 0.19140625
0 0.6318359375 0.541015625 0.033203125 0.17578125
0 0.7548828125 0.53515625 0.029296875 0.1640625
0 0.81640625 0.517578125 0.03515625 0.18359375
0 0.9638671875 0.51171875 0.037109375 0.1796875
