0 0.033203125 0.537109375 0.03125 0.14453125
0 0.080078125 0.54296875 0.0390625 0.1640625
0 0.099609375 0.544921875 0.0234375 0.15234375
0 0.125 0.541015625 0.01953125 0.14453125
0 0.2001953125 0.52734375 0.021484375 0.15625
0 0.21875 0.53125 0.02734375 0.15625
0 0.2744140625 0.51171875 0.017578125 0.140625
0 0.2880859375 0.51171875 0.021484375 0.1484375
0 0.3369140625 0.5078125 0.029296875 0.1484375
0 0.408203125 0.55078125 0.03515625 0.171875
0 0.4541015625 0.501953125 0.029296875 0.14453125
0 0.5029296875 0.53515625 0.033203125 0.1796875
0 0.556640625 0.544921875 0.02734375 0.18359375
0 0.6337890625 0.548828125 0.029296875 0.16796875
0 0.7587890625 0.53515625 0.037109375 0.1640625
0 0.8037109375 0.515625 0.044921875 0.1640625
0 0.9638671875 0.515625 0.033203125 0.1796875
