0 0.0380859375 0.54296875 0.021484375 0.140625
0 0.0517578125 0.54296875 0.021484375 0.15625
0 0.0771484375 0.54296875 0.029296875 0.1484375
0 0.1337890625 0.53515625 0.025390625 0.1328125
0 0.2001953125 0.529296875 0.021484375 0.15234375
0 0.2197265625 0.53515625 0.017578125 0.140625
0 0.2734375 0.513671875 0.02734375 0.15234375
0 0.2939453125 0.51171875 0.021484375 0.140625
0 0.349609375 0.513671875 0.02734375 0.14453125
0 0.4052734375 0.5625 0.037109375 0.1796875
0 0.4423828125 0.505859375 0.025390625 0.15234375
0 0.517578125 0.537109375 0.03125 0.17578125
0 0.552734375 0.544921875 0.03125 0.18359375
0 0.6279296875 0.544921875 0.033203125 0.16796875
0 0.7490234375 0.5390625 0.041015625 0.1484375
0 0.7802734375 0.52734375 0.044921875 0.1640625
0 0.9541015625 0.51171875 0.029296875 0.1875
