0 0.048828125 0.54296875 0.0234375 0.1484375
0 0.0966796875 0.541015625 0.033203125 0.15234375
0 0.189453125 0.537109375 0.01953125 0.14453125
0 0.2138671875 0.52734375 0.021484375 0.15625
0 0.2412109375 0.541015625 0.017578125 0.12890625
0 0.259765625 0.537109375 0.01953125 0.13671875
0 0.3017578125 0.515625 0.025390625 0.140625
0 0.3583984375 0.513671875 0.025390625 0.14453125
0 0.40625 0.51953125 0.0234375 0.15625
0 0.453125 0.5078125 0.02734375 0.15625
0 0.642578125 0.537109375 0.03125 0.17578125
0 0.7265625 0.546875 0.02734375 0.1328125
0 0.7392578125 0.517578125 0.029296875 0.13671875
0 0.9599609375 0.501953125 0.025390625 0.17578125
0 0.5595703125 0.548828125 0.021484375 0.17578125
0 0.578125 0.54296875 0.01953125 0.1796875
