0 0.0380859375 0.546875 0.021484375 0.15625
0 0.0615234375 0.544921875 0.029296875 0.16015625
0 0.12890625 0.544921875 0.03125 0.13671875
0 0.158203125 0.54296875 0.02734375 0.1484375
0 0.2294921875 0.53515625 0.017578125 0.15625
0 0.2470703125 0.5390625 0.017578125 0.1484375
0 0.3076171875 0.53125 0.025390625 0.140625
0 0.3740234375 0.51953125 0.033203125 0.1484375
0 0.4169921875 0.546875 0.025390625 0.1640625
0 0.431640625 0.509765625 0.015625 0.13671875
0 0.4453125 0.556640625 0.0234375 0.16015625
0 0.484375 0.509765625 0.0234375 0.16015625
0 0.576171875 0.54296875 0.0390625 0.1796875
0 0.6357421875 0.537109375 0.025390625 0.18359375
0 0.6669921875 0.548828125 0.021484375 0.16015625
0 0.693359375 0.53515625 0.03515625 0.125
0 0.70703125 0.51953125 0.0234375 0.1640625
0 0.9677734375 0.525390625 0.044921875 0.14453125
