0 0.0634765625 0.546875 0.029296875 0.15625
0 0.1533203125 0.546875 0.029296875 0.140625
0 0.18359375 0.54296875 0.03515625 0.1484375
0 0.24609375 0.537109375 0.03125 0.15234375
0 0.2734375 0.541015625 0.0234375 0.14453125
0 0.3388671875 0.53125 0.037109375 0.1484375
0 0.4052734375 0.51953125 0.021484375 0.1484375
0 0.423828125 0.5546875 0.0234375 0.1484375
0 0.45703125 0.51953125 0.02734375 0.15625
0 0.51171875 0.509765625 0.0234375 0.16015625
0 0.583984375 0.537109375 0.0390625 0.18359375
0 0.65625 0.54296875 0.02734375 0.171875
0 0.68359375 0.529296875 0.03515625 0.18359375
0 0.953125 0.529296875 0.04296875 0.14453125
