0 0.0615234375 0.541015625 0.029296875 0.15234375
0 0.0908203125 0.544921875 0.025390625 0.16015625
0 0.17578125 0.544921875 0.02734375 0.14453125
0 0.20703125 0.541015625 0.03515625 0.15234375
0 0.2568359375 0.529296875 0.029296875 0.16015625
0 0.2939453125 0.54296875 0.021484375 0.140625
0 0.3662109375 0.533203125 0.033203125 0.14453125
0 0.4453125 0.525390625 0.0234375 0.15234375
0 0.4833984375 0.515625 0.025390625 0.140625
0 0.53125 0.509765625 0.0390625 0.15234375
0 0.5703125 0.541015625 0.0390625 0.17578125
0 0.6416015625 0.533203125 0.029296875 0.15234375
0 0.6787109375 0.54296875 0.029296875 0.1796875
0 0.9228515625 0.51953125 0.037109375 0.15625
0 0.41015625 0.55859375 0.02734375 0.140625
