0 0.1513671875 0.685546875 0.029296875 0.16015625
0 0.1083984375 0.681640625 0.029296875 0.16015625
0 0.0869140625 0.630859375 0.017578125 0.08984375
0 0.283203125 0.49609375 0.015625 0.0703125
0 0.5517578125 0.669921875 0.021484375 0.15234375
0 0.572265625 0.677734375 0.0390625 0.17578125
0 0.630859375 0.62890625 0.015625 0.109375
0 0.662109375 0.681640625 0.046875 0.17578125
0 0.84765625 0.6484375 0.03515625 0.15625
0 0.880859375 0.50390625 0.015625 0.0703125
0 0.9189453125 0.650390625 0.025390625 0.14453125
0 0.982421875 0.654296875 0.03515625 0.15234375
