0 0.1533203125 0.853515625 0.087890625 0.29296875
0 0.4912109375 0.64453125 0.029296875 0.109375
0 0.296875 0.6328125 0.02734375 0.09375
0 0.5419921875 0.693359375 0.033203125 0.15234375
0 0.6376953125 0.6796875 0.025390625 0.1328125
0 0.7822265625 0.673828125 0.021484375 0.13671875
0 0.890625 0.716796875 0.0390625 0.20703125
0 0.96484375 0.689453125 0.02734375 0.14453125
0 0.990234375 0.712890625 0.01953125 0.19140625
0 0.44921875 0.513671875 0.015625 0.07421875
0 0.572265625 0.515625 0.01953125 0.078125
0 0.623046875 0.515625 0.015625 0.0703125
