0 0.1513671875 0.85546875 0.087890625 0.2890625
0 0.294921875 0.638671875 0.02734375 0.09765625
0 0.529296875 0.646484375 0.01953125 0.10546875
0 0.5556640625 0.693359375 0.033203125 0.15234375
0 0.650390625 0.67578125 0.03125 0.140625
0 0.7900390625 0.677734375 0.029296875 0.13671875
0 0.9140625 0.71875 0.03515625 0.1953125
0 0.974609375 0.673828125 0.0234375 0.11328125
0 0.9873046875 0.716796875 0.025390625 0.19921875
0 0.486328125 0.515625 0.01953125 0.078125
0 0.6083984375 0.515625 0.017578125 0.078125
