0 0.0673828125 0.859375 0.076171875 0.28125
0 0.255859375 0.638671875 0.01953125 0.09765625
0 0.546875 0.693359375 0.02734375 0.16015625
0 0.603515625 0.642578125 0.02734375 0.10546875
0 0.66015625 0.677734375 0.02734375 0.14453125
0 0.78515625 0.67578125 0.02734375 0.140625
0 0.9423828125 0.716796875 0.033203125 0.19921875
0 0.966796875 0.69140625 0.03125 0.15625
0 0.71484375 0.513671875 0.015625 0.06640625
0 0.6650390625 0.515625 0.013671875 0.0703125
0 0.5478515625 0.521484375 0.017578125 0.07421875
