0 0.2783203125 0.642578125 0.017578125 0.09765625
0 0.3212890625 0.947265625 0.056640625 0.10546875
0 0.56640625 0.689453125 0.0234375 0.15234375
0 0.6982421875 0.677734375 0.033203125 0.15234375
0 0.720703125 0.64453125 0.01953125 0.109375
0 0.845703125 0.720703125 0.03515625 0.18359375
0 0.86328125 0.6796875 0.01953125 0.140625
0 0.9423828125 0.69140625 0.029296875 0.1484375
0 0.80859375 0.515625 0.015625 0.0703125
0 0.75390625 0.513671875 0.015625 0.06640625
0 0.6611328125 0.51953125 0.013671875 0.0625
