0 0.58203125 0.509765625 0.015625 0.06640625
0 0.6328125 0.5078125 0.01953125 0.0703125
0 0.6962890625 0.6875 0.025390625 0.171875
0 0.7216796875 0.708984375 0.025390625 0.19921875
0 0.5693359375 0.68359375 0.025390625 0.1484375
0 0.599609375 0.67578125 0.03125 0.15625
0 0.609375 0.62890625 0.015625 0.09375
0 0.322265625 0.7109375 0.02734375 0.171875
0 0.33984375 0.67578125 0.01953125 0.1328125
0 0.2880859375 0.689453125 0.029296875 0.15234375
0 0.3369140625 0.509765625 0.017578125 0.07421875
0 0.15625 0.646484375 0.02734375 0.11328125
0 0.2568359375 0.650390625 0.021484375 0.10546875
0 0.9189453125 0.666015625 0.025390625 0.15234375
