0 0.35546875 0.685546875 0.03515625 0.15234375
0 0.4296875 0.677734375 0.02734375 0.14453125
0 0.4833984375 0.685546875 0.029296875 0.17578125
0 0.5390625 0.703125 0.0390625 0.1953125
0 0.7080078125 0.66015625 0.025390625 0.1484375
0 0.9423828125 0.681640625 0.021484375 0.16796875
0 0.927734375 0.509765625 0.015625 0.07421875
0 0.490234375 0.505859375 0.015625 0.06640625
0 0.4384765625 0.50390625 0.013671875 0.078125
0 0.05078125 0.70703125 0.02734375 0.1640625
0 0.1015625 0.68359375 0.02734375 0.15625
