0 0.455078125 0.76953125 0.04296875 0.1875
0 0.3701171875 0.775390625 0.037109375 0.18359375
0 0.5908203125 0.73828125 0.021484375 0.203125
0 0.609375 0.740234375 0.02734375 0.21484375
0 0.6650390625 0.716796875 0.041015625 0.22265625
0 0.7255859375 0.7265625 0.033203125 0.203125
0 0.5830078125 0.509765625 0.017578125 0.10546875
0 0.61328125 0.505859375 0.01953125 0.10546875
0 0.5654296875 0.517578125 0.017578125 0.08984375
0 0.55078125 0.513671875 0.015625 0.08984375
0 0.89453125 0.494140625 0.0234375 0.10546875
