0 0.3759765625 0.779296875 0.044921875 0.19140625
0 0.4619140625 0.767578125 0.041015625 0.19140625
0 0.583984375 0.740234375 0.03125 0.21484375
0 0.62109375 0.73046875 0.0390625 0.203125
0 0.6806640625 0.72265625 0.041015625 0.2265625
0 0.724609375 0.73046875 0.03515625 0.203125
0 0.8974609375 0.494140625 0.017578125 0.10546875
0 0.61328125 0.5 0.01953125 0.109375
0 0.568359375 0.521484375 0.01953125 0.09765625
0 0.5869140625 0.51171875 0.013671875 0.09375
0 0.5283203125 0.515625 0.025390625 0.1015625
