0 0.3671875 0.775390625 0.03515625 0.19921875
0 0.4609375 0.763671875 0.04296875 0.19921875
0 0.5712890625 0.734375 0.044921875 0.2109375
0 0.6142578125 0.740234375 0.044921875 0.21484375
0 0.6875 0.72265625 0.0390625 0.21875
0 0.728515625 0.732421875 0.03125 0.20703125
0 0.5859375 0.5078125 0.015625 0.1015625
0 0.61328125 0.505859375 0.01953125 0.09765625
0 0.5703125 0.513671875 0.015625 0.09765625
0 0.5537109375 0.509765625 0.017578125 0.09765625
0 0.5322265625 0.517578125 0.021484375 0.10546875
0 0.896484375 0.49609375 0.01953125 0.109375
