0 0.3681640625 0.7734375 0.037109375 0.1953125
0 0.435546875 0.75 0.05859375 0.2265625
0 0.5654296875 0.73046875 0.037109375 0.1953125
0 0.6005859375 0.74609375 0.048828125 0.1953125
0 0.677734375 0.720703125 0.0390625 0.21484375
0 0.720703125 0.734375 0.03515625 0.2109375
0 0.529296875 0.517578125 0.01953125 0.08984375
0 0.5517578125 0.51953125 0.017578125 0.1015625
0 0.5693359375 0.513671875 0.017578125 0.09765625
0 0.5888671875 0.51171875 0.013671875 0.1015625
0 0.615234375 0.505859375 0.01953125 0.10546875
0 0.8955078125 0.490234375 0.021484375 0.11328125
