0 0.3740234375 0.763671875 0.041015625 0.19921875
0 0.4306640625 0.7578125 0.052734375 0.21875
0 0.537109375 0.736328125 0.04296875 0.18359375
0 0.5693359375 0.73828125 0.041015625 0.2109375
0 0.6650390625 0.71875 0.048828125 0.21875
0 0.71875 0.734375 0.03515625 0.203125
0 0.5888671875 0.51171875 0.021484375 0.1015625
0 0.61328125 0.51171875 0.01953125 0.1015625
0 0.5693359375 0.515625 0.017578125 0.1015625
0 0.546875 0.515625 0.0234375 0.109375
0 0.521484375 0.517578125 0.01953125 0.10546875
0 0.8916015625 0.49609375 0.021484375 0.1015625
