0 0.3916015625 0.75 0.052734375 0.1953125
0 0.4365234375 0.751953125 0.048828125 0.21484375
0 0.5078125 0.73046875 0.03515625 0.1875
0 0.541015625 0.73046875 0.04296875 0.2109375
0 0.6455078125 0.716796875 0.037109375 0.22265625
0 0.7236328125 0.734375 0.033203125 0.2109375
0 0.8935546875 0.4921875 0.021484375 0.109375
0 0.6142578125 0.505859375 0.017578125 0.09765625
0 0.5966796875 0.501953125 0.017578125 0.10546875
0 0.5703125 0.517578125 0.0234375 0.09765625
0 0.54296875 0.517578125 0.01953125 0.09765625
0 0.5029296875 0.51171875 0.017578125 0.1015625
