0 0.546875 0.7265625 0.0546875 0.203125
0 0.6484375 0.720703125 0.03515625 0.23046875
0 0.71484375 0.73828125 0.046875 0.203125
0 0.89453125 0.4921875 0.0234375 0.1171875
0 0.61328125 0.505859375 0.01953125 0.09765625
0 0.59765625 0.509765625 0.015625 0.10546875
0 0.5693359375 0.51171875 0.017578125 0.1015625
0 0.5439453125 0.513671875 0.017578125 0.09765625
0 0.4912109375 0.517578125 0.025390625 0.08984375
0 0.51171875 0.728515625 0.046875 0.18359375
0 0.462890625 0.751953125 0.05078125 0.21484375
0 0.423828125 0.75 0.046875 0.203125
