0 0.4423828125 0.751953125 0.025390625 0.20703125
0 0.5224609375 0.740234375 0.037109375 0.21484375
0 0.5595703125 0.716796875 0.029296875 0.19921875
0 0.5830078125 0.71484375 0.025390625 0.2109375
0 0.6533203125 0.7265625 0.041015625 0.2265625
0 0.705078125 0.736328125 0.0390625 0.19921875
0 0.6015625 0.5078125 0.01171875 0.09375
0 0.56640625 0.513671875 0.0234375 0.10546875
0 0.8935546875 0.4921875 0.017578125 0.109375
0 0.919921875 0.51171875 0.0234375 0.109375
0 0.615234375 0.509765625 0.015625 0.08984375
