0 0.53125 0.7578125 0.05078125 0.2109375
0 0.580078125 0.74609375 0.02734375 0.21875
0 0.6201171875 0.720703125 0.029296875 0.22265625
0 0.7001953125 0.732421875 0.037109375 0.23828125
0 0.83984375 0.744140625 0.05078125 0.19140625
0 0.86328125 0.51953125 0.02734375 0.1015625
0 0.8955078125 0.49609375 0.021484375 0.1015625
0 0.6181640625 0.5078125 0.013671875 0.09375
0 0.6064453125 0.51171875 0.013671875 0.1015625
0 0.58984375 0.513671875 0.015625 0.10546875
0 0.5693359375 0.517578125 0.017578125 0.10546875
