0 0.634765625 0.7265625 0.0390625 0.21875
0 0.7060546875 0.447265625 0.017578125 0.08203125
0 0.634765625 0.455078125 0.01953125 0.07421875
0 0.6162109375 0.458984375 0.017578125 0.08984375
0 0.2734375 0.681640625 0.02734375 0.20703125
0 0.076171875 0.708984375 0.03515625 0.20703125
0 0.04296875 0.693359375 0.03515625 0.20703125
0 0.0166015625 0.744140625 0.029296875 0.22265625
0 0.046875 0.4765625 0.015625 0.109375
0 0.0654296875 0.4765625 0.017578125 0.1015625
0 0.013671875 0.48046875 0.015625 0.09375
0 0.3388671875 0.45703125 0.021484375 0.109375
