0 0.3544921875 0.6953125 0.044921875 0.2265625
0 0.7294921875 0.72265625 0.068359375 0.203125
0 0.6318359375 0.458984375 0.017578125 0.08203125
0 0.6533203125 0.45703125 0.021484375 0.09375
0 0.732421875 0.4453125 0.015625 0.078125
0 0.3125 0.68359375 0.03515625 0.1953125
0 0.115234375 0.69921875 0.03515625 0.234375
0 0.0224609375 0.75 0.041015625 0.2265625
0 0.0537109375 0.48828125 0.017578125 0.1015625
0 0.0830078125 0.48046875 0.017578125 0.1015625
0 0.1025390625 0.48046875 0.013671875 0.109375
0 0.37890625 0.462890625 0.0234375 0.11328125
