0 0.1259765625 0.69921875 0.041015625 0.234375
0 0.021484375 0.751953125 0.0390625 0.21484375
0 0.33984375 0.68359375 0.03125 0.203125
0 0.376953125 0.69140625 0.04296875 0.2265625
0 0.740234375 0.705078125 0.046875 0.20703125
0 0.7333984375 0.443359375 0.017578125 0.08203125
0 0.62890625 0.45703125 0.0234375 0.0859375
0 0.6513671875 0.455078125 0.021484375 0.08203125
0 0.3837890625 0.455078125 0.017578125 0.08984375
0 0.1083984375 0.474609375 0.017578125 0.10546875
0 0.0888671875 0.4765625 0.017578125 0.09375
0 0.0625 0.486328125 0.0234375 0.10546875
