0 0.375 0.6875 0.03515625 0.203125
0 0.4111328125 0.697265625 0.041015625 0.23046875
0 0.728515625 0.703125 0.05078125 0.203125
0 0.7470703125 0.443359375 0.017578125 0.08203125
0 0.658203125 0.453125 0.01953125 0.09375
0 0.6376953125 0.458984375 0.021484375 0.08203125
0 0.4052734375 0.458984375 0.021484375 0.11328125
0 0.1474609375 0.693359375 0.052734375 0.22265625
0 0.0302734375 0.75 0.037109375 0.21875
0 0.1103515625 0.482421875 0.021484375 0.10546875
0 0.130859375 0.48046875 0.015625 0.1015625
0 0.0771484375 0.484375 0.017578125 0.1015625
