0 0.072265625 0.736328125 0.0390625 0.21484375
0 0.1982421875 0.6953125 0.033203125 0.2109375
0 0.1806640625 0.67578125 0.029296875 0.1875
0 0.1181640625 0.486328125 0.021484375 0.11328125
0 0.1474609375 0.48046875 0.013671875 0.09375
0 0.0234375 0.373046875 0.015625 0.07421875
0 0.1708984375 0.474609375 0.017578125 0.09765625
0 0.28125 0.50390625 0.01953125 0.09375
0 0.46875 0.69921875 0.03125 0.234375
0 0.4521484375 0.671875 0.025390625 0.2109375
0 0.6923828125 0.685546875 0.044921875 0.20703125
0 0.4462890625 0.45703125 0.021484375 0.1015625
0 0.67578125 0.462890625 0.015625 0.08984375
0 0.6591796875 0.4609375 0.017578125 0.0859375
0 0.7734375 0.44140625 0.015625 0.0859375
