0 0.7958984375 0.4453125 0.017578125 0.0703125
0 0.693359375 0.45703125 0.015625 0.078125
0 0.6845703125 0.6796875 0.048828125 0.1953125
0 0.50390625 0.697265625 0.03515625 0.23046875
0 0.4873046875 0.673828125 0.025390625 0.19140625
0 0.2158203125 0.68359375 0.037109375 0.2265625
0 0.111328125 0.728515625 0.0390625 0.21484375
0 0.0654296875 0.380859375 0.025390625 0.06640625
0 0.1787109375 0.478515625 0.017578125 0.10546875
0 0.150390625 0.484375 0.01953125 0.09375
0 0.19921875 0.474609375 0.015625 0.10546875
0 0.298828125 0.501953125 0.01953125 0.10546875
0 0.47265625 0.45703125 0.01953125 0.1015625
