0 0.6171875 0.693359375 0.03515625 0.23046875
0 0.703125 0.685546875 0.046875 0.20703125
0 0.5986328125 0.6640625 0.029296875 0.1875
0 0.322265625 0.69140625 0.0390625 0.2265625
0 0.2353515625 0.728515625 0.037109375 0.20703125
0 0.1240234375 0.85546875 0.056640625 0.2734375
0 0.263671875 0.4921875 0.01953125 0.09375
0 0.291015625 0.482421875 0.015625 0.08984375
0 0.3125 0.48046875 0.015625 0.1015625
0 0.384765625 0.5 0.0234375 0.109375
0 0.5859375 0.462890625 0.01953125 0.09765625
0 0.896484375 0.453125 0.015625 0.0859375
