0 0.638671875 0.67578125 0.03515625 0.1953125
0 0.66796875 0.697265625 0.03515625 0.23046875
0 0.71875 0.689453125 0.04296875 0.19140625
0 0.8134765625 0.470703125 0.021484375 0.09765625
0 0.9375 0.4609375 0.0234375 0.0859375
0 0.373046875 0.6875 0.03515625 0.21875
0 0.287109375 0.72265625 0.04296875 0.2109375
0 0.25 0.85546875 0.06640625 0.2578125
0 0.3173828125 0.48828125 0.017578125 0.109375
0 0.3447265625 0.484375 0.017578125 0.1015625
0 0.3623046875 0.484375 0.017578125 0.09375
0 0.4248046875 0.51171875 0.025390625 0.1015625
0 0.634765625 0.4609375 0.0234375 0.109375
