0 0.490234375 0.873046875 0.0625 0.25390625
0 0.4267578125 0.697265625 0.033203125 0.20703125
0 0.486328125 0.67578125 0.03515625 0.203125
0 0.380859375 0.712890625 0.0390625 0.19921875
0 0.677734375 0.669921875 0.03125 0.21484375
0 0.75390625 0.6953125 0.0390625 0.2265625
0 0.7255859375 0.466796875 0.021484375 0.10546875
0 0.8818359375 0.47265625 0.021484375 0.0859375
0 0.48828125 0.515625 0.0234375 0.1015625
0 0.404296875 0.490234375 0.01953125 0.08984375
0 0.2841796875 0.49609375 0.021484375 0.09375
0 0.43359375 0.484375 0.015625 0.1015625
0 0.4541015625 0.484375 0.017578125 0.109375
