0 0.47265625 0.705078125 0.03515625 0.19921875
0 0.5029296875 0.708984375 0.044921875 0.19921875
0 0.6396484375 0.67578125 0.037109375 0.203125
0 0.833984375 0.703125 0.0390625 0.203125
0 0.890625 0.6953125 0.03515625 0.2265625
0 0.8994140625 0.87890625 0.068359375 0.2421875
0 0.88671875 0.4765625 0.01953125 0.1015625
0 0.5615234375 0.498046875 0.021484375 0.09765625
0 0.4375 0.5 0.01953125 0.09375
0 0.29296875 0.501953125 0.015625 0.08984375
0 0.603515625 0.517578125 0.02734375 0.10546875
0 0.6240234375 0.486328125 0.017578125 0.09765625
