0 0.49609375 0.708984375 0.02734375 0.20703125
0 0.47265625 0.716796875 0.02734375 0.18359375
0 0.638671875 0.677734375 0.03515625 0.19921875
0 0.7158203125 0.6875 0.033203125 0.203125
0 0.8310546875 0.708984375 0.029296875 0.20703125
0 0.890625 0.703125 0.03515625 0.2265625
0 0.6337890625 0.498046875 0.013671875 0.10546875
0 0.6171875 0.4921875 0.01953125 0.1015625
0 0.5927734375 0.5234375 0.029296875 0.1171875
0 0.568359375 0.50390625 0.01953125 0.0859375
0 0.8916015625 0.48046875 0.025390625 0.109375
