0 0.359375 0.71875 0.06640625 0.1796875
0 0.3525390625 0.708984375 0.025390625 0.19140625
0 0.5009765625 0.6953125 0.052734375 0.1875
0 0.4736328125 0.66796875 0.037109375 0.2109375
0 0.669921875 0.708984375 0.03515625 0.19140625
0 0.7197265625 0.69140625 0.041015625 0.2265625
0 0.7392578125 0.4765625 0.025390625 0.109375
0 0.4833984375 0.49609375 0.017578125 0.109375
0 0.46875 0.4921875 0.015625 0.1015625
0 0.4482421875 0.490234375 0.017578125 0.08984375
0 0.4130859375 0.52734375 0.017578125 0.1015625
0 0.4189453125 0.48828125 0.017578125 0.078125
0 0.29296875 0.498046875 0.01953125 0.09765625
