0 0.3193359375 0.6796875 0.041015625 0.25
0 0.2978515625 0.72265625 0.037109375 0.1796875
0 0.3837890625 0.69921875 0.052734375 0.1875
0 0.5625 0.708984375 0.03125 0.19921875
0 0.5986328125 0.685546875 0.033203125 0.21484375
0 0.6357421875 0.474609375 0.017578125 0.10546875
0 0.376953125 0.48828125 0.015625 0.1015625
0 0.359375 0.48828125 0.015625 0.09375
0 0.33984375 0.486328125 0.015625 0.08203125
0 0.314453125 0.494140625 0.015625 0.08984375
0 0.2744140625 0.52734375 0.025390625 0.109375
0 0.1943359375 0.49609375 0.021484375 0.1015625
