0 0.0869140625 0.884765625 0.072265625 0.23046875
0 0.2451171875 0.783203125 0.033203125 0.21484375
0 0.32421875 0.767578125 0.03515625 0.23046875
0 0.37109375 0.736328125 0.0390625 0.23828125
0 0.41015625 0.759765625 0.0546875 0.22265625
0 0.556640625 0.7578125 0.03515625 0.21875
0 0.5810546875 0.7265625 0.033203125 0.2109375
0 0.748046875 0.505859375 0.01953125 0.11328125
0 0.7763671875 0.51953125 0.017578125 0.09375
0 0.4853515625 0.521484375 0.017578125 0.10546875
0 0.462890625 0.529296875 0.01953125 0.11328125
0 0.44140625 0.529296875 0.015625 0.10546875
0 0.4189453125 0.53515625 0.017578125 0.1015625
0 0.326171875 0.59375 0.0234375 0.125
0 0.2998046875 0.53515625 0.021484375 0.09375
