0 0.1845703125 0.888671875 0.052734375 0.22265625
0 0.2666015625 0.779296875 0.033203125 0.19921875
0 0.353515625 0.759765625 0.03515625 0.23828125
0 0.4306640625 0.76953125 0.044921875 0.2421875
0 0.5556640625 0.75390625 0.037109375 0.2109375
0 0.58203125 0.7265625 0.03515625 0.2109375
0 0.46484375 0.52734375 0.0234375 0.109375
0 0.4873046875 0.521484375 0.013671875 0.11328125
0 0.44140625 0.53125 0.0234375 0.1015625
0 0.41796875 0.529296875 0.01953125 0.09765625
0 0.306640625 0.6015625 0.0234375 0.125
0 0.7470703125 0.515625 0.013671875 0.109375
0 0.7734375 0.517578125 0.0234375 0.09765625
