0 0.56640625 0.751953125 0.05078125 0.20703125
0 0.58203125 0.68359375 0.03515625 0.1171875
0 0.447265625 0.76953125 0.04296875 0.234375
0 0.3798828125 0.76171875 0.044921875 0.234375
0 0.2978515625 0.771484375 0.037109375 0.17578125
0 0.267578125 0.89453125 0.0703125 0.2109375
0 0.419921875 0.533203125 0.015625 0.10546875
0 0.44140625 0.529296875 0.01953125 0.09765625
0 0.470703125 0.52734375 0.01953125 0.1171875
0 0.48828125 0.529296875 0.01171875 0.11328125
0 0.30078125 0.537109375 0.01953125 0.08984375
0 0.2900390625 0.59765625 0.033203125 0.125
0 0.7470703125 0.515625 0.013671875 0.09375
0 0.76171875 0.515625 0.015625 0.09375
0 0.9833984375 0.521484375 0.021484375 0.08984375
