0 0.3759765625 0.89453125 0.041015625 0.1953125
0 0.33203125 0.771484375 0.05078125 0.19921875
0 0.2685546875 0.591796875 0.033203125 0.12890625
0 0.2998046875 0.537109375 0.021484375 0.09765625
0 0.4189453125 0.53125 0.013671875 0.1015625
0 0.44140625 0.53125 0.01953125 0.1015625
0 0.4716796875 0.525390625 0.017578125 0.10546875
0 0.4873046875 0.52734375 0.013671875 0.1015625
0 0.4091796875 0.755859375 0.044921875 0.22265625
0 0.4482421875 0.77734375 0.041015625 0.2109375
0 0.4697265625 0.759765625 0.048828125 0.22265625
0 0.572265625 0.75390625 0.03515625 0.2109375
0 0.7509765625 0.509765625 0.021484375 0.11328125
0 0.9609375 0.51953125 0.01953125 0.1015625
