0 0.4853515625 0.8984375 0.041015625 0.203125
0 0.5419921875 0.759765625 0.091796875 0.18359375
0 0.5771484375 0.73828125 0.041015625 0.203125
0 0.478515625 0.734375 0.05859375 0.1640625
0 0.44921875 0.779296875 0.03125 0.20703125
0 0.4208984375 0.7578125 0.029296875 0.2421875
0 0.3935546875 0.775390625 0.044921875 0.19140625
0 0.25 0.599609375 0.0234375 0.12109375
0 0.2998046875 0.537109375 0.021484375 0.08984375
0 0.4189453125 0.533203125 0.017578125 0.10546875
0 0.44140625 0.529296875 0.01953125 0.09765625
0 0.47265625 0.525390625 0.01953125 0.11328125
0 0.4892578125 0.525390625 0.013671875 0.10546875
0 0.7470703125 0.509765625 0.017578125 0.10546875
0 0.8095703125 0.525390625 0.021484375 0.08984375
0 0.7841796875 0.52734375 0.017578125 0.078125
