0 0.8291015625 0.908203125 0.041015625 0.18359375
0 0.783203125 0.521484375 0.02734375 0.10546875
0 0.7060546875 0.517578125 0.017578125 0.10546875
0 0.75 0.515625 0.0234375 0.1015625
0 0.552734375 0.75390625 0.03125 0.21875
0 0.4755859375 0.755859375 0.037109375 0.22265625
0 0.4326171875 0.76171875 0.033203125 0.1796875
0 0.39453125 0.76171875 0.0390625 0.2265625
0 0.197265625 0.595703125 0.02734375 0.12109375
0 0.3056640625 0.537109375 0.021484375 0.09765625
0 0.4228515625 0.529296875 0.017578125 0.10546875
0 0.4404296875 0.525390625 0.021484375 0.10546875
0 0.4677734375 0.529296875 0.017578125 0.09765625
0 0.48828125 0.521484375 0.01171875 0.08984375
