0 0.4189453125 0.724609375 0.033203125 0.16796875
0 0.40234375 0.748046875 0.03515625 0.19140625
0 0.3740234375 0.7578125 0.041015625 0.2421875
0 0.4677734375 0.751953125 0.048828125 0.22265625
0 0.5595703125 0.751953125 0.029296875 0.22265625
0 0.9580078125 0.904296875 0.048828125 0.19140625
0 0.17578125 0.58984375 0.03125 0.125
0 0.306640625 0.53515625 0.01953125 0.1015625
0 0.423828125 0.525390625 0.015625 0.09765625
0 0.4423828125 0.525390625 0.017578125 0.10546875
0 0.46875 0.5234375 0.01953125 0.1015625
0 0.4873046875 0.5234375 0.013671875 0.109375
0 0.7451171875 0.51171875 0.021484375 0.109375
0 0.779296875 0.51953125 0.01953125 0.1015625
