0 0.5673828125 0.744140625 0.037109375 0.22265625
0 0.466796875 0.75 0.0390625 0.2265625
0 0.3837890625 0.75 0.029296875 0.1796875
0 0.361328125 0.755859375 0.04296875 0.23046875
0 0.40234375 0.7109375 0.02734375 0.140625
0 0.16015625 0.59765625 0.0234375 0.125
0 0.1943359375 0.544921875 0.021484375 0.08984375
0 0.3076171875 0.52734375 0.017578125 0.1015625
0 0.4248046875 0.52734375 0.021484375 0.1015625
0 0.46875 0.52734375 0.015625 0.09375
0 0.4892578125 0.51953125 0.017578125 0.1015625
0 0.685546875 0.521484375 0.01953125 0.09765625
0 0.7353515625 0.51953125 0.017578125 0.09375
0 0.7685546875 0.5234375 0.021484375 0.09375
