0 0.4755859375 0.740234375 0.044921875 0.20703125
0 0.4296875 0.7421875 0.04296875 0.1875
0 0.34375 0.748046875 0.0390625 0.23046875
0 0.3193359375 0.75390625 0.021484375 0.203125
0 0.0966796875 0.58984375 0.029296875 0.1171875
0 0.5966796875 0.712890625 0.029296875 0.13671875
0 0.431640625 0.52734375 0.015625 0.09375
0 0.4638671875 0.52734375 0.017578125 0.109375
0 0.48828125 0.521484375 0.01953125 0.09765625
0 0.7392578125 0.517578125 0.025390625 0.10546875
0 0.6796875 0.537109375 0.0234375 0.09765625
0 0.30859375 0.533203125 0.01953125 0.10546875
