0 0.421875 0.74609375 0.03515625 0.1953125
0 0.4697265625 0.740234375 0.037109375 0.20703125
0 0.5859375 0.7109375 0.046875 0.1484375
0 0.4482421875 0.701171875 0.025390625 0.12109375
0 0.3525390625 0.744140625 0.037109375 0.23046875
0 0.3232421875 0.75 0.029296875 0.1953125
0 0.0810546875 0.58984375 0.021484375 0.1171875
0 0.306640625 0.533203125 0.015625 0.08984375
0 0.423828125 0.53125 0.015625 0.09375
0 0.44140625 0.529296875 0.015625 0.10546875
0 0.4609375 0.521484375 0.015625 0.10546875
0 0.48828125 0.521484375 0.015625 0.09765625
0 0.73046875 0.525390625 0.015625 0.09765625
0 0.748046875 0.513671875 0.015625 0.10546875
