0 0.0537109375 0.595703125 0.029296875 0.11328125
0 0.30859375 0.53515625 0.015625 0.09375
0 0.419921875 0.53125 0.015625 0.0859375
0 0.4404296875 0.5234375 0.017578125 0.109375
0 0.4599609375 0.529296875 0.017578125 0.11328125
0 0.4853515625 0.525390625 0.017578125 0.09765625
0 0.59375 0.552734375 0.01953125 0.08984375
0 0.6435546875 0.513671875 0.017578125 0.08984375
0 0.6748046875 0.52734375 0.021484375 0.09375
0 0.7177734375 0.51953125 0.021484375 0.09375
0 0.7490234375 0.515625 0.017578125 0.109375
0 0.5654296875 0.732421875 0.041015625 0.17578125
0 0.5966796875 0.7109375 0.033203125 0.140625
0 0.4794921875 0.734375 0.033203125 0.2109375
0 0.4423828125 0.736328125 0.029296875 0.19921875
0 0.37109375 0.74609375 0.04296875 0.21875
0 0.34375 0.75390625 0.03125 0.2109375
