0 0.4921875 0.7734375 0.046875 0.1953125
0 0.5185546875 0.7578125 0.033203125 0.203125
0 0.4345703125 0.751953125 0.029296875 0.23046875
0 0.3701171875 0.7578125 0.025390625 0.1953125
0 0.6767578125 0.533203125 0.017578125 0.08984375
0 0.748046875 0.5234375 0.01953125 0.109375
0 0.4775390625 0.53515625 0.013671875 0.1015625
0 0.4599609375 0.533203125 0.021484375 0.10546875
0 0.4384765625 0.552734375 0.025390625 0.10546875
0 0.4130859375 0.53125 0.017578125 0.09375
0 0.306640625 0.541015625 0.015625 0.08984375
