0 0.37109375 0.759765625 0.02734375 0.19921875
0 0.4326171875 0.751953125 0.033203125 0.23046875
0 0.482421875 0.73046875 0.0703125 0.2734375
0 0.5224609375 0.7578125 0.037109375 0.2265625
0 0.5986328125 0.720703125 0.029296875 0.14453125
0 0.3076171875 0.548828125 0.017578125 0.10546875
0 0.4091796875 0.53125 0.017578125 0.078125
0 0.439453125 0.53125 0.01953125 0.09375
0 0.4609375 0.53515625 0.015625 0.1015625
0 0.482421875 0.533203125 0.015625 0.10546875
0 0.6630859375 0.53515625 0.017578125 0.1015625
0 0.7470703125 0.51953125 0.021484375 0.1171875
