0 0.3701171875 0.75390625 0.025390625 0.203125
0 0.423828125 0.7578125 0.04296875 0.234375
0 0.4599609375 0.787109375 0.064453125 0.19140625
0 0.5146484375 0.7578125 0.044921875 0.21875
0 0.5869140625 0.75390625 0.037109375 0.2109375
0 0.3095703125 0.544921875 0.017578125 0.08203125
0 0.4091796875 0.537109375 0.021484375 0.09765625
0 0.3427734375 0.56640625 0.021484375 0.109375
0 0.4384765625 0.53515625 0.017578125 0.1015625
0 0.4609375 0.53515625 0.01953125 0.109375
0 0.4833984375 0.533203125 0.017578125 0.10546875
0 0.7470703125 0.521484375 0.021484375 0.10546875
