0 0.37890625 0.798828125 0.0859375 0.17578125
0 0.373046875 0.765625 0.0234375 0.1953125
0 0.4091796875 0.755859375 0.037109375 0.23046875
0 0.513671875 0.759765625 0.0390625 0.22265625
0 0.546875 0.75 0.05859375 0.1953125
0 0.462890625 0.537109375 0.01953125 0.10546875
0 0.4814453125 0.53125 0.017578125 0.1015625
0 0.4404296875 0.53515625 0.017578125 0.1015625
0 0.412109375 0.53515625 0.015625 0.0859375
0 0.3134765625 0.56640625 0.021484375 0.1015625
0 0.7470703125 0.515625 0.017578125 0.1015625
