0 0.2705078125 0.80078125 0.091796875 0.2109375
0 0.3701171875 0.763671875 0.025390625 0.19921875
0 0.396484375 0.759765625 0.0390625 0.23828125
0 0.4794921875 0.751953125 0.037109375 0.20703125
0 0.515625 0.763671875 0.03125 0.22265625
0 0.5908203125 0.75390625 0.033203125 0.203125
0 0.4814453125 0.53125 0.021484375 0.09375
0 0.462890625 0.5390625 0.01953125 0.109375
0 0.44140625 0.5390625 0.015625 0.09375
0 0.41015625 0.53515625 0.015625 0.0859375
0 0.30859375 0.5390625 0.015625 0.09375
0 0.275390625 0.572265625 0.02734375 0.10546875
0 0.74609375 0.517578125 0.01953125 0.10546875
