0 0.234375 0.80078125 0.05078125 0.203125
0 0.2177734375 0.583984375 0.029296875 0.10546875
0 0.306640625 0.560546875 0.015625 0.08984375
0 0.43359375 0.771484375 0.0390625 0.23046875
0 0.4931640625 0.763671875 0.044921875 0.20703125
0 0.546875 0.775390625 0.0390625 0.23828125
0 0.6396484375 0.767578125 0.033203125 0.21484375
0 0.85546875 0.5234375 0.01953125 0.109375
0 0.572265625 0.54296875 0.015625 0.1015625
0 0.5888671875 0.53515625 0.017578125 0.109375
0 0.517578125 0.54296875 0.01953125 0.0859375
0 0.548828125 0.54296875 0.01953125 0.1015625
0 0.421875 0.548828125 0.015625 0.09765625
