0 0.2587890625 0.783203125 0.072265625 0.17578125
0 0.185546875 0.583984375 0.03125 0.12109375
0 0.4228515625 0.76953125 0.037109375 0.234375
0 0.513671875 0.755859375 0.03515625 0.19140625
0 0.5361328125 0.77734375 0.029296875 0.21875
0 0.5615234375 0.763671875 0.037109375 0.21484375
0 0.6484375 0.76953125 0.03515625 0.203125
0 0.5712890625 0.537109375 0.017578125 0.10546875
0 0.58984375 0.5390625 0.01953125 0.1171875
0 0.5185546875 0.54296875 0.017578125 0.09375
0 0.5498046875 0.541015625 0.017578125 0.10546875
0 0.421875 0.55078125 0.015625 0.09375
0 0.857421875 0.53125 0.015625 0.1015625
