0 0.3427734375 0.775390625 0.044921875 0.18359375
0 0.4306640625 0.765625 0.037109375 0.2265625
0 0.537109375 0.775390625 0.03125 0.22265625
0 0.5673828125 0.771484375 0.033203125 0.21484375
0 0.59375 0.75 0.03515625 0.1953125
0 0.669921875 0.78515625 0.05078125 0.1953125
0 0.85546875 0.52734375 0.01953125 0.1015625
0 0.5888671875 0.541015625 0.021484375 0.10546875
0 0.5703125 0.541015625 0.015625 0.10546875
0 0.55078125 0.54296875 0.01953125 0.109375
0 0.51953125 0.544921875 0.015625 0.08984375
0 0.421875 0.544921875 0.015625 0.09765625
0 0.3095703125 0.55859375 0.021484375 0.1015625
