0 0.35546875 0.767578125 0.0390625 0.19140625
0 0.05859375 0.59765625 0.0234375 0.109375
0 0.421875 0.55078125 0.01953125 0.09375
0 0.4384765625 0.765625 0.037109375 0.21875
0 0.5419921875 0.7734375 0.041015625 0.21875
0 0.57421875 0.771484375 0.0390625 0.21484375
0 0.6025390625 0.75390625 0.033203125 0.1953125
0 0.6748046875 0.79296875 0.048828125 0.1796875
0 0.5693359375 0.544921875 0.013671875 0.10546875
0 0.5498046875 0.541015625 0.017578125 0.10546875
0 0.51953125 0.54296875 0.015625 0.0859375
0 0.58984375 0.537109375 0.01953125 0.09765625
0 0.8564453125 0.525390625 0.017578125 0.11328125
