0 0.4521484375 0.763671875 0.044921875 0.22265625
0 0.3720703125 0.775390625 0.037109375 0.16796875
0 0.0302734375 0.60546875 0.025390625 0.109375
0 0.3076171875 0.560546875 0.017578125 0.09765625
0 0.421875 0.546875 0.01953125 0.0859375
0 0.5576171875 0.76953125 0.033203125 0.2265625
0 0.599609375 0.771484375 0.0625 0.21484375
0 0.6728515625 0.794921875 0.048828125 0.17578125
0 0.51953125 0.54296875 0.01953125 0.09375
0 0.5478515625 0.537109375 0.013671875 0.08984375
0 0.5712890625 0.541015625 0.017578125 0.10546875
0 0.5908203125 0.5390625 0.017578125 0.1015625
0 0.8564453125 0.525390625 0.017578125 0.10546875
