0 0.388671875 0.767578125 0.0390625 0.17578125
0 0.453125 0.76171875 0.0390625 0.21875
0 0.5693359375 0.7734375 0.037109375 0.21875
0 0.6025390625 0.75 0.029296875 0.1953125
0 0.634765625 0.767578125 0.0390625 0.19140625
0 0.6728515625 0.787109375 0.048828125 0.17578125
0 0.5703125 0.541015625 0.015625 0.10546875
0 0.58984375 0.541015625 0.01953125 0.10546875
0 0.5498046875 0.544921875 0.017578125 0.09765625
0 0.5205078125 0.541015625 0.017578125 0.09765625
0 0.42578125 0.548828125 0.01953125 0.10546875
0 0.857421875 0.5234375 0.015625 0.1015625
