0 0.4013671875 0.771484375 0.044921875 0.18359375
0 0.443359375 0.724609375 0.04296875 0.26171875
0 0.578125 0.76953125 0.03515625 0.21875
0 0.6064453125 0.75390625 0.029296875 0.203125
0 0.6728515625 0.783203125 0.052734375 0.19140625
0 0.51953125 0.544921875 0.015625 0.09765625
0 0.548828125 0.54296875 0.01953125 0.1015625
0 0.572265625 0.54296875 0.01953125 0.109375
0 0.5908203125 0.54296875 0.017578125 0.09375
0 0.4267578125 0.546875 0.021484375 0.0859375
0 0.8564453125 0.5234375 0.017578125 0.109375
