0 0.35546875 0.77734375 0.02734375 0.1640625
0 0.3740234375 0.765625 0.037109375 0.2109375
0 0.5576171875 0.767578125 0.041015625 0.23046875
0 0.603515625 0.755859375 0.02734375 0.19140625
0 0.6201171875 0.755859375 0.044921875 0.20703125
0 0.6767578125 0.771484375 0.033203125 0.21484375
0 0.4375 0.546875 0.01953125 0.09375
0 0.5185546875 0.544921875 0.017578125 0.08203125
0 0.5498046875 0.54296875 0.017578125 0.1015625
0 0.5751953125 0.5390625 0.013671875 0.1015625
0 0.58984375 0.541015625 0.015625 0.09765625
0 0.8564453125 0.525390625 0.017578125 0.11328125
