0 0.349609375 0.765625 0.04296875 0.1796875
0 0.3876953125 0.765625 0.044921875 0.2265625
0 0.5615234375 0.763671875 0.033203125 0.21484375
0 0.607421875 0.75 0.03125 0.1953125
0 0.6337890625 0.76171875 0.041015625 0.203125
0 0.66796875 0.7734375 0.04296875 0.203125
0 0.5908203125 0.54296875 0.017578125 0.09375
0 0.5771484375 0.541015625 0.017578125 0.10546875
0 0.55078125 0.544921875 0.01953125 0.09765625
0 0.4375 0.546875 0.0234375 0.09375
0 0.5205078125 0.541015625 0.017578125 0.08203125
0 0.859375 0.529296875 0.01171875 0.08984375
