0 0.376953125 0.759765625 0.046875 0.18359375
0 0.4404296875 0.763671875 0.048828125 0.21484375
0 0.5732421875 0.763671875 0.041015625 0.22265625
0 0.6064453125 0.75 0.029296875 0.203125
0 0.654296875 0.7890625 0.04296875 0.171875
0 0.6767578125 0.759765625 0.041015625 0.20703125
0 0.587890625 0.544921875 0.01953125 0.09765625
0 0.4345703125 0.55078125 0.021484375 0.1015625
0 0.521484375 0.544921875 0.015625 0.09765625
0 0.5478515625 0.544921875 0.017578125 0.10546875
0 0.8564453125 0.52734375 0.017578125 0.109375
0 0.6123046875 0.5546875 0.013671875 0.078125
