0 0.46875 0.466796875 0.04296875 0.20703125
0 0.4443359375 0.474609375 0.033203125 0.15234375
0 0.6279296875 0.458984375 0.033203125 0.22265625
0 0.7041015625 0.47265625 0.041015625 0.2109375
0 0.8583984375 0.251953125 0.029296875 0.10546875
0 0.8798828125 0.22265625 0.017578125 0.109375
0 0.6083984375 0.234375 0.017578125 0.109375
0 0.6240234375 0.2421875 0.017578125 0.1015625
0 0.544921875 0.236328125 0.015625 0.08984375
0 0.572265625 0.2421875 0.015625 0.078125
0 0.455078125 0.25 0.01953125 0.1015625
