0 0.3349609375 0.380859375 0.060546875 0.17578125
0 0.0478515625 0.572265625 0.060546875 0.33203125
0 0.484375 0.373046875 0.046875 0.18359375
0 0.6015625 0.376953125 0.0546875 0.21484375
0 0.630859375 0.365234375 0.03125 0.19140625
0 0.7177734375 0.37890625 0.029296875 0.21875
0 0.712890625 0.181640625 0.02734375 0.09765625
0 0.880859375 0.134765625 0.015625 0.10546875
0 0.61328125 0.15234375 0.01953125 0.1015625
0 0.5673828125 0.16015625 0.017578125 0.0859375
0 0.5478515625 0.154296875 0.021484375 0.08203125
0 0.4677734375 0.166015625 0.017578125 0.10546875
