0 0.212890625 0.583984375 0.05859375 0.33984375
0 0.2216796875 0.34375 0.041015625 0.1484375
0 0.4521484375 0.376953125 0.041015625 0.19140625
0 0.5517578125 0.369140625 0.048828125 0.21484375
0 0.626953125 0.359375 0.03515625 0.1953125
0 0.7041015625 0.369140625 0.044921875 0.22265625
0 0.6494140625 0.18359375 0.025390625 0.09375
0 0.611328125 0.150390625 0.0234375 0.10546875
0 0.5625 0.15625 0.01953125 0.09375
0 0.544921875 0.15234375 0.01953125 0.09375
0 0.466796875 0.16796875 0.01953125 0.09375
0 0.8818359375 0.138671875 0.017578125 0.09765625
