0 0.3896484375 0.58984375 0.060546875 0.359375
0 0.416015625 0.3828125 0.02734375 0.203125
0 0.2001953125 0.365234375 0.052734375 0.22265625
0 0.5185546875 0.373046875 0.044921875 0.21484375
0 0.625 0.36328125 0.03125 0.1953125
0 0.6494140625 0.36328125 0.033203125 0.203125
0 0.6796875 0.388671875 0.0390625 0.18359375
0 0.6123046875 0.1484375 0.017578125 0.1015625
0 0.5859375 0.1796875 0.0234375 0.109375
0 0.556640625 0.158203125 0.015625 0.09765625
0 0.53515625 0.16015625 0.015625 0.09375
0 0.4599609375 0.1640625 0.017578125 0.1015625
0 0.87890625 0.1328125 0.01953125 0.1015625
0 0.9296875 0.16796875 0.01953125 0.09375
