0 0.484375 0.587890625 0.0703125 0.36328125
0 0.509765625 0.369140625 0.03125 0.19140625
0 0.3974609375 0.384765625 0.037109375 0.20703125
0 0.1962890625 0.36328125 0.048828125 0.25
0 0.619140625 0.3671875 0.04296875 0.203125
0 0.6533203125 0.390625 0.044921875 0.203125
0 0.552734375 0.177734375 0.0234375 0.11328125
0 0.6083984375 0.150390625 0.017578125 0.10546875
0 0.533203125 0.154296875 0.015625 0.09765625
0 0.4560546875 0.166015625 0.021484375 0.10546875
0 0.876953125 0.1328125 0.01953125 0.109375
0 0.9130859375 0.16796875 0.025390625 0.0859375
