0 0.5791015625 0.599609375 0.091796875 0.37109375
0 0.59765625 0.375 0.0390625 0.15625
0 0.5986328125 0.326171875 0.037109375 0.13671875
0 0.625 0.361328125 0.02734375 0.19921875
0 0.513671875 0.38671875 0.046875 0.1953125
0 0.392578125 0.380859375 0.03515625 0.19921875
0 0.20703125 0.37109375 0.05859375 0.21875
0 0.4541015625 0.1640625 0.017578125 0.09375
0 0.521484375 0.17578125 0.0234375 0.109375
0 0.5341796875 0.150390625 0.013671875 0.08203125
0 0.5517578125 0.154296875 0.017578125 0.09765625
0 0.6083984375 0.150390625 0.021484375 0.10546875
0 0.8759765625 0.134765625 0.017578125 0.09765625
0 0.90234375 0.1640625 0.015625 0.0859375
