0 0.6796875 0.59765625 0.08984375 0.375
0 0.6328125 0.357421875 0.0390625 0.19140625
0 0.58203125 0.369140625 0.03515625 0.19140625
0 0.5615234375 0.388671875 0.025390625 0.20703125
0 0.53515625 0.3984375 0.0390625 0.2109375
0 0.390625 0.3828125 0.03515625 0.1953125
0 0.2236328125 0.3671875 0.041015625 0.2109375
0 0.44921875 0.1640625 0.015625 0.09375
0 0.4912109375 0.18359375 0.025390625 0.1015625
0 0.5341796875 0.1484375 0.017578125 0.0859375
0 0.5517578125 0.15234375 0.013671875 0.09375
0 0.609375 0.1484375 0.01953125 0.1015625
0 0.876953125 0.126953125 0.015625 0.08984375
0 0.892578125 0.158203125 0.015625 0.08984375
