0 0.7763671875 0.603515625 0.099609375 0.37890625
0 0.8779296875 0.15625 0.025390625 0.1015625
0 0.6484375 0.357421875 0.03515625 0.19140625
0 0.6123046875 0.37109375 0.037109375 0.1953125
0 0.55859375 0.37890625 0.046875 0.1875
0 0.478515625 0.3984375 0.0703125 0.2265625
0 0.3876953125 0.388671875 0.044921875 0.19921875
0 0.2548828125 0.37109375 0.044921875 0.203125
0 0.4599609375 0.181640625 0.025390625 0.11328125
0 0.53125 0.158203125 0.015625 0.09765625
0 0.5458984375 0.158203125 0.017578125 0.09765625
0 0.6064453125 0.146484375 0.017578125 0.10546875
