0 0.671875 0.361328125 0.03125 0.19140625
0 0.6982421875 0.3671875 0.037109375 0.1796875
0 0.5322265625 0.390625 0.052734375 0.203125
0 0.47265625 0.3828125 0.046875 0.2578125
0 0.416015625 0.392578125 0.0546875 0.19921875
0 0.3603515625 0.359375 0.044921875 0.2109375
0 0.39453125 0.18359375 0.03125 0.109375
0 0.4462890625 0.154296875 0.017578125 0.10546875
0 0.537109375 0.146484375 0.01953125 0.09765625
0 0.6015625 0.140625 0.015625 0.09375
0 0.8505859375 0.158203125 0.017578125 0.08984375
0 0.8740234375 0.125 0.017578125 0.1015625
0 0.6162109375 0.142578125 0.013671875 0.08984375
