0 0.453125 0.416015625 0.0390625 0.19921875
0 0.4765625 0.384765625 0.02734375 0.19921875
0 0.505859375 0.388671875 0.04296875 0.22265625
0 0.5126953125 0.28515625 0.025390625 0.1015625
0 0.6064453125 0.361328125 0.033203125 0.19140625
0 0.63671875 0.369140625 0.05078125 0.21484375
0 0.599609375 0.134765625 0.01953125 0.10546875
0 0.5380859375 0.14453125 0.017578125 0.1015625
0 0.5263671875 0.138671875 0.013671875 0.09765625
0 0.443359375 0.15234375 0.01953125 0.109375
0 0.2998046875 0.185546875 0.029296875 0.11328125
