0 0.236328125 0.189453125 0.03125 0.12109375
0 0.443359375 0.150390625 0.01953125 0.09765625
0 0.5244140625 0.142578125 0.013671875 0.10546875
0 0.5400390625 0.140625 0.017578125 0.09375
0 0.6005859375 0.134765625 0.021484375 0.10546875
0 0.7890625 0.16015625 0.015625 0.109375
0 0.869140625 0.1171875 0.015625 0.109375
0 0.6123046875 0.376953125 0.048828125 0.19140625
0 0.5751953125 0.3828125 0.041015625 0.203125
0 0.5546875 0.34765625 0.0390625 0.203125
0 0.51171875 0.408203125 0.06640625 0.19921875
