0 0.537109375 0.375 0.046875 0.203125
0 0.568359375 0.380859375 0.06640625 0.26171875
0 0.611328125 0.373046875 0.0390625 0.22265625
0 0.6513671875 0.375 0.056640625 0.1953125
3 0.4423828125 0.150390625 0.021484375 0.10546875
0 0.201171875 0.193359375 0.01953125 0.12109375
0 0.521484375 0.138671875 0.015625 0.09765625
0 0.5380859375 0.138671875 0.017578125 0.08984375
0 0.599609375 0.134765625 0.015625 0.09765625
0 0.6142578125 0.140625 0.013671875 0.09375
0 0.8681640625 0.11328125 0.017578125 0.1015625
