0 0.5009765625 0.345703125 0.037109375 0.22265625
0 0.560546875 0.353515625 0.046875 0.19921875
0 0.6142578125 0.353515625 0.033203125 0.22265625
0 0.62890625 0.326171875 0.03515625 0.26171875
0 0.6611328125 0.34375 0.029296875 0.203125
0 0.3955078125 0.13671875 0.017578125 0.1015625
0 0.5029296875 0.126953125 0.021484375 0.09765625
0 0.552734375 0.12109375 0.01171875 0.1015625
0 0.564453125 0.123046875 0.01953125 0.10546875
0 0.654296875 0.15234375 0.01953125 0.1015625
0 0.822265625 0.11328125 0.015625 0.1015625
