0 0.5029296875 0.326171875 0.033203125 0.20703125
0 0.5244140625 0.349609375 0.052734375 0.19140625
0 0.572265625 0.337890625 0.0390625 0.18359375
0 0.591796875 0.294921875 0.0234375 0.12890625
0 0.853515625 0.5390625 0.0859375 0.3046875
0 0.2890625 0.138671875 0.01953125 0.10546875
0 0.4345703125 0.16015625 0.025390625 0.109375
0 0.50390625 0.12890625 0.015625 0.09375
0 0.5380859375 0.123046875 0.021484375 0.10546875
0 0.5576171875 0.123046875 0.013671875 0.09765625
0 0.5771484375 0.126953125 0.017578125 0.09765625
